id_net	tf	tg	status	org_reference	id_net_reference	count_org_reference	string	tu_unit
1	NP_214515.1	NP_214515.1	Known	NOT_REFR_ORG	NOT_REFR_NUM	NULL	F	1_tu
2	NP_214515.1	NP_214516.1	Known	NOT_REFR_ORG	NOT_REFR_NUM	NULL	F	2_tu
3	NP_214515.1	NP_214517.1	Known	NOT_REFR_ORG	NOT_REFR_NUM	NULL	F	2_tu
2_tu	NP_214515.1	NP_214518.1	New	NOT_REFR_ORG	NOT_REFR_NUM	NULL	F	2_tu
4	NP_214515.1	NP_217913.1	Known	NOT_REFR_ORG	NOT_REFR_NUM	NULL	R	3_tu
3_tu	NP_214515.1	NP_217914.1	New	NOT_REFR_ORG	NOT_REFR_NUM	NULL	R	3_tu
5	NP_214515.1	NP_217928.1	Known	NOT_REFR_ORG	NOT_REFR_NUM	NULL	NOT_STRAND	NOT_TU_REFER
3_tu	NP_214515.1	YP_177970.1	New	NOT_REFR_ORG	NOT_REFR_NUM	NULL	R	3_tu
6	NP_214631.1	NP_214631.1	Known	Ecoli	2716	1	F	4_tu
2_new	NP_214631.1	NP_215282.1	New	Ecoli	2707	1	F	5_tu
5_tu	NP_214631.1	NP_215283.1	New	NOT_REFR_ORG	NOT_REFR_NUM	NULL	F	5_tu
1029	NP_214631.1	NP_216423.1	Known	NOT_REFR_ORG	NOT_REFR_NUM	NULL	R	6_tu
7	NP_214631.1	NP_216424.1	Known	NOT_REFR_ORG	NOT_REFR_NUM	NULL	R	6_tu
1030	NP_214631.1	NP_216425.2	Known	NOT_REFR_ORG	NOT_REFR_NUM	NULL	R	6_tu
1031	NP_214631.1	NP_216426.1	Known	NOT_REFR_ORG	NOT_REFR_NUM	NULL	R	7_tu
1032	NP_214631.1	NP_216427.1	Known	NOT_REFR_ORG	NOT_REFR_NUM	NULL	R	8_tu
1033	NP_214631.1	NP_216428.1	Known	NOT_REFR_ORG	NOT_REFR_NUM	NULL	R	9_tu
8	NP_214631.1	NP_216944.1	Known	NOT_REFR_ORG	NOT_REFR_NUM	NULL	F	10_tu
1802	NP_214631.1	NP_216945.1	Known	NOT_REFR_ORG	NOT_REFR_NUM	NULL	F	10_tu
3_new	NP_214631.1	NP_217105.1	New	Ecoli	2709	1	F	11_tu
1034	NP_214631.1	NP_217446.2	Known	NOT_REFR_ORG	NOT_REFR_NUM	NULL	F	12_tu
1035	NP_214631.1	NP_217447.1	Known	NOT_REFR_ORG	NOT_REFR_NUM	NULL	F	12_tu
1036	NP_214631.1	NP_217448.1	Known	NOT_REFR_ORG	NOT_REFR_NUM	NULL	F	12_tu
1037	NP_214631.1	NP_217449.1	Known	NOT_REFR_ORG	NOT_REFR_NUM	NULL	F	12_tu
1038	NP_214631.1	NP_217450.1	Known	NOT_REFR_ORG	NOT_REFR_NUM	NULL	F	12_tu
1039	NP_214631.1	NP_217451.1	Known	NOT_REFR_ORG	NOT_REFR_NUM	NULL	F	12_tu
1040	NP_214631.1	NP_217452.1	Known	NOT_REFR_ORG	NOT_REFR_NUM	NULL	F	12_tu
1041	NP_214631.1	NP_217453.1	Known	NOT_REFR_ORG	NOT_REFR_NUM	NULL	F	12_tu
1042	NP_214631.1	NP_217454.1	Known	NOT_REFR_ORG	NOT_REFR_NUM	NULL	F	12_tu
1043	NP_214631.1	NP_217455.1	Known	NOT_REFR_ORG	NOT_REFR_NUM	NULL	F	12_tu
1044	NP_214631.1	NP_218054.1	Known	NOT_REFR_ORG	NOT_REFR_NUM	NULL	F	13_tu
4_new	NP_214631.1	NP_218375.1	New	Ecoli	2712	1	R	14_tu
5_new	NP_214631.1	NP_218376.1	New	Ecoli	2711	1	R	14_tu
9	NP_214631.1	NP_218430.1	Known	NOT_REFR_ORG	NOT_REFR_NUM	NULL	F	15_tu
1803	NP_214631.1	NP_218431.1	Known	NOT_REFR_ORG	NOT_REFR_NUM	NULL	F	15_tu
6_new	NP_214631.1	YP_177734.1	New	Ecoli	2708	1	F	16_tu
1045	NP_214631.1	YP_177986.1	Known	NOT_REFR_ORG	NOT_REFR_NUM	NULL	F	13_tu
10	NP_214658.1	NP_214658.1	Known	NOT_REFR_ORG	NOT_REFR_NUM	NULL	F	17_tu
7_new	NP_214704.1	NP_215484.3	New	Bacsu	765	1	NOT_STRAND	NOT_TU_REFER
8_new	NP_214710.1	NP_214710.1	New	Bacsu	1900	1	F	18_tu
18_tu	NP_214710.1	NP_214711.1	New	NOT_REFR_ORG	NOT_REFR_NUM	NULL	F	18_tu
11	NP_214726.1	NP_215087.1	Known	NOT_REFR_ORG	NOT_REFR_NUM	NULL	R	19_tu
1804	NP_214726.1	NP_215088.1	Known	NOT_REFR_ORG	NOT_REFR_NUM	NULL	R	19_tu
1805	NP_214726.1	NP_216110.1	Known	Ecoli	2724	1	F	20_tu
12	NP_214726.1	NP_216111.1	Known	Ecoli	2725	1	F	20_tu
1806	NP_214726.1	NP_216112.1	Known	NOT_REFR_ORG	NOT_REFR_NUM	NULL	F	20_tu
20_tu	NP_214726.1	NP_216113.1	New	NOT_REFR_ORG	NOT_REFR_NUM	NULL	F	20_tu
1046	NP_214774.1	NP_215976.2	Known	NOT_REFR_ORG	NOT_REFR_NUM	NULL	F	21_tu
1047	NP_214774.1	NP_215977.1	Known	NOT_REFR_ORG	NOT_REFR_NUM	NULL	F	21_tu
1048	NP_214774.1	NP_215978.1	Known	NOT_REFR_ORG	NOT_REFR_NUM	NULL	F	21_tu
1049	NP_214774.1	NP_215979.1	Known	NOT_REFR_ORG	NOT_REFR_NUM	NULL	F	21_tu
1050	NP_214774.1	NP_215980.1	Known	NOT_REFR_ORG	NOT_REFR_NUM	NULL	F	21_tu
1051	NP_214774.1	NP_215981.1	Known	NOT_REFR_ORG	NOT_REFR_NUM	NULL	F	21_tu
1052	NP_214774.1	NP_215982.1	Known	NOT_REFR_ORG	NOT_REFR_NUM	NULL	F	21_tu
13	NP_214816.1	NP_214776.1	Known	NOT_REFR_ORG	NOT_REFR_NUM	NULL	R	22_tu
1807	NP_214816.1	NP_214777.1	Known	NOT_REFR_ORG	NOT_REFR_NUM	NULL	R	22_tu
1808	NP_214816.1	NP_214778.1	Known	NOT_REFR_ORG	NOT_REFR_NUM	NULL	R	22_tu
14	NP_214816.1	NP_216038.1	Known	NOT_REFR_ORG	NOT_REFR_NUM	NULL	R	23_tu
2257	NP_214862.1	NP_214519.2	Known	NOT_REFR_ORG	NOT_REFR_NUM	NULL	F	24_tu
924	NP_214862.1	NP_214520.1	Known	NOT_REFR_ORG	NOT_REFR_NUM	NULL	F	24_tu
925	NP_214862.1	NP_214521.1	Known	NOT_REFR_ORG	NOT_REFR_NUM	NULL	F	25_tu
2258	NP_214862.1	NP_214567.1	Known	NOT_REFR_ORG	NOT_REFR_NUM	NULL	F	26_tu
2259	NP_214862.1	NP_214568.1	Known	NOT_REFR_ORG	NOT_REFR_NUM	NULL	F	27_tu
2261	NP_214862.1	NP_214570.1	Known	NOT_REFR_ORG	NOT_REFR_NUM	NULL	F	27_tu
2262	NP_214862.1	NP_214571.1	Known	NOT_REFR_ORG	NOT_REFR_NUM	NULL	F	27_tu
926	NP_214862.1	NP_214572.1	Known	NOT_REFR_ORG	NOT_REFR_NUM	NULL	F	27_tu
2263	NP_214862.1	NP_214573.1	Known	NOT_REFR_ORG	NOT_REFR_NUM	NULL	F	28_tu
2264	NP_214862.1	NP_214574.1	Known	NOT_REFR_ORG	NOT_REFR_NUM	NULL	F	28_tu
977	NP_214862.1	NP_214593.1	Known	NOT_REFR_ORG	NOT_REFR_NUM	NULL	F	29_tu
2305	NP_214862.1	NP_214594.1	Known	NOT_REFR_ORG	NOT_REFR_NUM	NULL	F	29_tu
2306	NP_214862.1	NP_214595.1	Known	NOT_REFR_ORG	NOT_REFR_NUM	NULL	F	30_tu
2307	NP_214862.1	NP_214596.2	Known	NOT_REFR_ORG	NOT_REFR_NUM	NULL	F	30_tu
2308	NP_214862.1	NP_214597.1	Known	NOT_REFR_ORG	NOT_REFR_NUM	NULL	F	30_tu
30_tu	NP_214862.1	NP_214598.1	New	NOT_REFR_ORG	NOT_REFR_NUM	NULL	F	30_tu
30_tu	NP_214862.1	NP_214599.1	New	NOT_REFR_ORG	NOT_REFR_NUM	NULL	F	30_tu
30_tu	NP_214862.1	NP_214600.1	New	NOT_REFR_ORG	NOT_REFR_NUM	NULL	F	30_tu
30_tu	NP_214862.1	NP_214601.1	New	NOT_REFR_ORG	NOT_REFR_NUM	NULL	F	30_tu
30_tu	NP_214862.1	NP_214602.1	New	NOT_REFR_ORG	NOT_REFR_NUM	NULL	F	30_tu
927	NP_214862.1	NP_214622.1	Known	NOT_REFR_ORG	NOT_REFR_NUM	NULL	R	31_tu
928	NP_214862.1	NP_214659.1	Known	NOT_REFR_ORG	NOT_REFR_NUM	NULL	F	32_tu
2265	NP_214862.1	NP_214660.1	Known	NOT_REFR_ORG	NOT_REFR_NUM	NULL	F	32_tu
2266	NP_214862.1	NP_214661.1	Known	NOT_REFR_ORG	NOT_REFR_NUM	NULL	F	33_tu
2267	NP_214862.1	NP_214662.1	Known	NOT_REFR_ORG	NOT_REFR_NUM	NULL	F	34_tu
2268	NP_214862.1	NP_214663.1	Known	NOT_REFR_ORG	NOT_REFR_NUM	NULL	F	34_tu
929	NP_214862.1	NP_214680.1	Known	NOT_REFR_ORG	NOT_REFR_NUM	NULL	F	35_tu
860	NP_214862.1	NP_214681.1	Known	NOT_REFR_ORG	NOT_REFR_NUM	NULL	F	36_tu
861	NP_214862.1	NP_214682.1	Known	NOT_REFR_ORG	NOT_REFR_NUM	NULL	F	36_tu
863	NP_214862.1	NP_214684.1	Known	NOT_REFR_ORG	NOT_REFR_NUM	NULL	F	36_tu
864	NP_214862.1	NP_214685.1	Known	NOT_REFR_ORG	NOT_REFR_NUM	NULL	F	36_tu
865	NP_214862.1	NP_214686.1	Known	NOT_REFR_ORG	NOT_REFR_NUM	NULL	F	36_tu
866	NP_214862.1	NP_214687.1	Known	NOT_REFR_ORG	NOT_REFR_NUM	NULL	F	36_tu
867	NP_214862.1	NP_214688.1	Known	NOT_REFR_ORG	NOT_REFR_NUM	NULL	F	36_tu
868	NP_214862.1	NP_214689.3	Known	NOT_REFR_ORG	NOT_REFR_NUM	NULL	F	36_tu
869	NP_214862.1	NP_214690.1	Known	NOT_REFR_ORG	NOT_REFR_NUM	NULL	F	36_tu
870	NP_214862.1	NP_214691.1	Known	NOT_REFR_ORG	NOT_REFR_NUM	NULL	F	36_tu
2221	NP_214862.1	NP_214692.1	Known	NOT_REFR_ORG	NOT_REFR_NUM	NULL	F	36_tu
979	NP_214862.1	NP_214702.1	Known	NOT_REFR_ORG	NOT_REFR_NUM	NULL	F	37_tu
980	NP_214862.1	NP_214725.1	Known	NOT_REFR_ORG	NOT_REFR_NUM	NULL	F	38_tu
2309	NP_214862.1	NP_214746.1	Known	NOT_REFR_ORG	NOT_REFR_NUM	NULL	F	39_tu
981	NP_214862.1	NP_214747.1	Known	NOT_REFR_ORG	NOT_REFR_NUM	NULL	F	39_tu
930	NP_214862.1	NP_214763.1	Known	NOT_REFR_ORG	NOT_REFR_NUM	NULL	NOT_STRAND	NOT_TU_REFER
982	NP_214862.1	NP_214790.1	Known	NOT_REFR_ORG	NOT_REFR_NUM	NULL	F	40_tu
983	NP_214862.1	NP_214855.1	Known	NOT_REFR_ORG	NOT_REFR_NUM	NULL	F	41_tu
41_tu	NP_214862.1	NP_214856.1	New	NOT_REFR_ORG	NOT_REFR_NUM	NULL	F	41_tu
41_tu	NP_214862.1	NP_214857.1	New	NOT_REFR_ORG	NOT_REFR_NUM	NULL	F	41_tu
984	NP_214862.1	NP_214861.1	Known	NOT_REFR_ORG	NOT_REFR_NUM	NULL	F	42_tu
1028	NP_214862.1	NP_214862.1	Known	NOT_REFR_ORG	NOT_REFR_NUM	NULL	F	42_tu
2310	NP_214862.1	NP_214863.1	Known	NOT_REFR_ORG	NOT_REFR_NUM	NULL	F	42_tu
931	NP_214862.1	NP_214878.1	Known	NOT_REFR_ORG	NOT_REFR_NUM	NULL	F	43_tu
932	NP_214862.1	NP_214944.1	Known	NOT_REFR_ORG	NOT_REFR_NUM	NULL	F	44_tu
2269	NP_214862.1	NP_214945.1	Known	NOT_REFR_ORG	NOT_REFR_NUM	NULL	F	44_tu
2270	NP_214862.1	NP_214946.1	Known	NOT_REFR_ORG	NOT_REFR_NUM	NULL	F	44_tu
2271	NP_214862.1	NP_214947.1	Known	NOT_REFR_ORG	NOT_REFR_NUM	NULL	F	44_tu
44_tu	NP_214862.1	NP_214948.1	New	NOT_REFR_ORG	NOT_REFR_NUM	NULL	F	44_tu
105_tu	NP_214862.1	NP_215025.2	New	NOT_REFR_ORG	NOT_REFR_NUM	NULL	R	105_tu
985	NP_214862.1	NP_215083.1	Known	NOT_REFR_ORG	NOT_REFR_NUM	NULL	F	45_tu
986	NP_214862.1	NP_215084.1	Known	NOT_REFR_ORG	NOT_REFR_NUM	NULL	F	45_tu
987	NP_214862.1	NP_215086.1	Known	NOT_REFR_ORG	NOT_REFR_NUM	NULL	R	46_tu
934	NP_214862.1	NP_215149.1	Known	NOT_REFR_ORG	NOT_REFR_NUM	NULL	NOT_STRAND	NOT_TU_REFER
935	NP_214862.1	NP_215150.1	Known	NOT_REFR_ORG	NOT_REFR_NUM	NULL	NOT_STRAND	NOT_TU_REFER
936	NP_214862.1	NP_215151.1	Known	NOT_REFR_ORG	NOT_REFR_NUM	NULL	NOT_STRAND	NOT_TU_REFER
937	NP_214862.1	NP_215156.1	Known	NOT_REFR_ORG	NOT_REFR_NUM	NULL	R	47_tu
2272	NP_214862.1	NP_215157.1	Known	NOT_REFR_ORG	NOT_REFR_NUM	NULL	R	47_tu
2273	NP_214862.1	NP_215158.1	Known	NOT_REFR_ORG	NOT_REFR_NUM	NULL	R	48_tu
938	NP_214862.1	NP_215181.1	Known	NOT_REFR_ORG	NOT_REFR_NUM	NULL	F	49_tu
2274	NP_214862.1	NP_215182.1	Known	NOT_REFR_ORG	NOT_REFR_NUM	NULL	F	49_tu
2311	NP_214862.1	NP_215190.1	Known	NOT_REFR_ORG	NOT_REFR_NUM	NULL	R	50_tu
988	NP_214862.1	NP_215191.1	Known	NOT_REFR_ORG	NOT_REFR_NUM	NULL	R	50_tu
2222	NP_214862.1	NP_215196.1	Known	NOT_REFR_ORG	NOT_REFR_NUM	NULL	F	51_tu
2223	NP_214862.1	NP_215197.1	Known	NOT_REFR_ORG	NOT_REFR_NUM	NULL	F	51_tu
872	NP_214862.1	NP_215199.1	Known	NOT_REFR_ORG	NOT_REFR_NUM	NULL	F	52_tu
873	NP_214862.1	NP_215214.1	Known	NOT_REFR_ORG	NOT_REFR_NUM	NULL	F	53_tu
874	NP_214862.1	NP_215215.1	Known	NOT_REFR_ORG	NOT_REFR_NUM	NULL	F	53_tu
875	NP_214862.1	NP_215216.1	Known	NOT_REFR_ORG	NOT_REFR_NUM	NULL	F	53_tu
876	NP_214862.1	NP_215217.1	Known	NOT_REFR_ORG	NOT_REFR_NUM	NULL	F	53_tu
877	NP_214862.1	NP_215218.1	Known	NOT_REFR_ORG	NOT_REFR_NUM	NULL	F	54_tu
878	NP_214862.1	NP_215219.1	Known	NOT_REFR_ORG	NOT_REFR_NUM	NULL	F	54_tu
879	NP_214862.1	NP_215220.1	Known	NOT_REFR_ORG	NOT_REFR_NUM	NULL	F	54_tu
880	NP_214862.1	NP_215221.1	Known	NOT_REFR_ORG	NOT_REFR_NUM	NULL	F	54_tu
881	NP_214862.1	NP_215222.1	Known	NOT_REFR_ORG	NOT_REFR_NUM	NULL	F	54_tu
882	NP_214862.1	NP_215223.1	Known	NOT_REFR_ORG	NOT_REFR_NUM	NULL	F	54_tu
883	NP_214862.1	NP_215224.1	Known	NOT_REFR_ORG	NOT_REFR_NUM	NULL	F	54_tu
2224	NP_214862.1	NP_215228.1	Known	NOT_REFR_ORG	NOT_REFR_NUM	NULL	F	55_tu
2225	NP_214862.1	NP_215229.1	Known	NOT_REFR_ORG	NOT_REFR_NUM	NULL	F	55_tu
2226	NP_214862.1	NP_215230.1	Known	NOT_REFR_ORG	NOT_REFR_NUM	NULL	F	55_tu
884	NP_214862.1	NP_215232.1	Known	NOT_REFR_ORG	NOT_REFR_NUM	NULL	F	56_tu
885	NP_214862.1	NP_215233.1	Known	NOT_REFR_ORG	NOT_REFR_NUM	NULL	F	56_tu
886	NP_214862.1	NP_215234.1	Known	NOT_REFR_ORG	NOT_REFR_NUM	NULL	F	56_tu
887	NP_214862.1	NP_215235.1	Known	NOT_REFR_ORG	NOT_REFR_NUM	NULL	F	56_tu
888	NP_214862.1	NP_215236.1	Known	NOT_REFR_ORG	NOT_REFR_NUM	NULL	F	56_tu
889	NP_214862.1	NP_215237.1	Known	NOT_REFR_ORG	NOT_REFR_NUM	NULL	F	56_tu
56_tu	NP_214862.1	NP_215238.1	New	NOT_REFR_ORG	NOT_REFR_NUM	NULL	F	56_tu
989	NP_214862.1	NP_215320.1	Known	NOT_REFR_ORG	NOT_REFR_NUM	NULL	F	57_tu
913	NP_214862.1	NP_215338.1	Known	NOT_REFR_ORG	NOT_REFR_NUM	NULL	R	58_tu
990	NP_214862.1	NP_215400.1	Known	NOT_REFR_ORG	NOT_REFR_NUM	NULL	F	59_tu
2312	NP_214862.1	NP_215401.1	Known	NOT_REFR_ORG	NOT_REFR_NUM	NULL	F	59_tu
991	NP_214862.1	NP_215482.1	Known	NOT_REFR_ORG	NOT_REFR_NUM	NULL	F	60_tu
992	NP_214862.1	NP_215483.1	Known	NOT_REFR_ORG	NOT_REFR_NUM	NULL	F	60_tu
2313	NP_214862.1	NP_215484.3	Known	NOT_REFR_ORG	NOT_REFR_NUM	NULL	F	60_tu
2314	NP_214862.1	NP_215485.1	Known	NOT_REFR_ORG	NOT_REFR_NUM	NULL	F	60_tu
2275	NP_214862.1	NP_215501.1	Known	NOT_REFR_ORG	NOT_REFR_NUM	NULL	F	61_tu
2276	NP_214862.1	NP_215502.1	Known	NOT_REFR_ORG	NOT_REFR_NUM	NULL	F	61_tu
939	NP_214862.1	NP_215503.1	Known	NOT_REFR_ORG	NOT_REFR_NUM	NULL	F	61_tu
2277	NP_214862.1	NP_215696.1	Known	NOT_REFR_ORG	NOT_REFR_NUM	NULL	F	62_tu
2278	NP_214862.1	NP_215697.1	Known	NOT_REFR_ORG	NOT_REFR_NUM	NULL	F	62_tu
940	NP_214862.1	NP_215698.1	Known	NOT_REFR_ORG	NOT_REFR_NUM	NULL	F	62_tu
941	NP_214862.1	NP_215699.1	Known	NOT_REFR_ORG	NOT_REFR_NUM	NULL	F	62_tu
890	NP_214862.1	NP_215700.1	Known	NOT_REFR_ORG	NOT_REFR_NUM	NULL	R	63_tu
891	NP_214862.1	NP_215701.1	Known	NOT_REFR_ORG	NOT_REFR_NUM	NULL	R	64_tu
2281	NP_214862.1	NP_215713.1	Known	NOT_REFR_ORG	NOT_REFR_NUM	NULL	F	65_tu
942	NP_214862.1	NP_215714.1	Known	NOT_REFR_ORG	NOT_REFR_NUM	NULL	F	65_tu
943	NP_214862.1	NP_215813.1	Known	NOT_REFR_ORG	NOT_REFR_NUM	NULL	F	66_tu
944	NP_214862.1	NP_215814.1	Known	NOT_REFR_ORG	NOT_REFR_NUM	NULL	F	67_tu
2282	NP_214862.1	NP_215815.1	Known	NOT_REFR_ORG	NOT_REFR_NUM	NULL	F	68_tu
2283	NP_214862.1	NP_215816.1	Known	NOT_REFR_ORG	NOT_REFR_NUM	NULL	F	68_tu
2284	NP_214862.1	NP_215817.1	Known	NOT_REFR_ORG	NOT_REFR_NUM	NULL	F	68_tu
993	NP_214862.1	NP_215819.1	Known	NOT_REFR_ORG	NOT_REFR_NUM	NULL	F	69_tu
994	NP_214862.1	NP_215820.1	Known	NOT_REFR_ORG	NOT_REFR_NUM	NULL	F	69_tu
2315	NP_214862.1	NP_215821.1	Known	NOT_REFR_ORG	NOT_REFR_NUM	NULL	F	69_tu
2316	NP_214862.1	NP_215822.1	Known	NOT_REFR_ORG	NOT_REFR_NUM	NULL	F	69_tu
2317	NP_214862.1	NP_215823.1	Known	NOT_REFR_ORG	NOT_REFR_NUM	NULL	F	69_tu
2318	NP_214862.1	NP_215824.1	Known	NOT_REFR_ORG	NOT_REFR_NUM	NULL	F	69_tu
2319	NP_214862.1	NP_215825.1	Known	NOT_REFR_ORG	NOT_REFR_NUM	NULL	F	69_tu
2320	NP_214862.1	NP_215826.1	Known	NOT_REFR_ORG	NOT_REFR_NUM	NULL	F	69_tu
2321	NP_214862.1	NP_215827.1	Known	NOT_REFR_ORG	NOT_REFR_NUM	NULL	F	69_tu
2322	NP_214862.1	NP_215828.1	Known	NOT_REFR_ORG	NOT_REFR_NUM	NULL	F	69_tu
2323	NP_214862.1	NP_215847.1	Known	NOT_REFR_ORG	NOT_REFR_NUM	NULL	F	70_tu
995	NP_214862.1	NP_215848.1	Known	NOT_REFR_ORG	NOT_REFR_NUM	NULL	F	70_tu
2324	NP_214862.1	NP_215849.1	Known	NOT_REFR_ORG	NOT_REFR_NUM	NULL	F	70_tu
70_tu	NP_214862.1	NP_215850.1	New	NOT_REFR_ORG	NOT_REFR_NUM	NULL	F	70_tu
70_tu	NP_214862.1	NP_215851.1	New	NOT_REFR_ORG	NOT_REFR_NUM	NULL	F	70_tu
70_tu	NP_214862.1	NP_215852.1	New	NOT_REFR_ORG	NOT_REFR_NUM	NULL	F	70_tu
70_tu	NP_214862.1	NP_215853.1	New	NOT_REFR_ORG	NOT_REFR_NUM	NULL	F	70_tu
70_tu	NP_214862.1	NP_215854.1	New	NOT_REFR_ORG	NOT_REFR_NUM	NULL	F	70_tu
70_tu	NP_214862.1	NP_215855.1	New	NOT_REFR_ORG	NOT_REFR_NUM	NULL	F	70_tu
70_tu	NP_214862.1	NP_215856.1	New	NOT_REFR_ORG	NOT_REFR_NUM	NULL	F	70_tu
70_tu	NP_214862.1	NP_215857.1	New	NOT_REFR_ORG	NOT_REFR_NUM	NULL	F	70_tu
2325	NP_214862.1	NP_215976.2	Known	NOT_REFR_ORG	NOT_REFR_NUM	NULL	F	71_tu
996	NP_214862.1	NP_215977.1	Known	NOT_REFR_ORG	NOT_REFR_NUM	NULL	F	71_tu
2326	NP_214862.1	NP_215978.1	Known	NOT_REFR_ORG	NOT_REFR_NUM	NULL	F	71_tu
2327	NP_214862.1	NP_215979.1	Known	NOT_REFR_ORG	NOT_REFR_NUM	NULL	F	71_tu
2328	NP_214862.1	NP_215980.1	Known	NOT_REFR_ORG	NOT_REFR_NUM	NULL	F	71_tu
2329	NP_214862.1	NP_215981.1	Known	NOT_REFR_ORG	NOT_REFR_NUM	NULL	F	71_tu
2330	NP_214862.1	NP_215982.1	Known	NOT_REFR_ORG	NOT_REFR_NUM	NULL	F	71_tu
945	NP_214862.1	NP_216051.1	Known	NOT_REFR_ORG	NOT_REFR_NUM	NULL	F	72_tu
2331	NP_214862.1	NP_216092.1	Known	NOT_REFR_ORG	NOT_REFR_NUM	NULL	R	73_tu
997	NP_214862.1	NP_216093.1	Known	NOT_REFR_ORG	NOT_REFR_NUM	NULL	R	73_tu
2228	NP_214862.1	NP_216125.1	Known	NOT_REFR_ORG	NOT_REFR_NUM	NULL	F	74_tu
2229	NP_214862.1	NP_216126.1	Known	NOT_REFR_ORG	NOT_REFR_NUM	NULL	F	74_tu
2230	NP_214862.1	NP_216127.1	Known	NOT_REFR_ORG	NOT_REFR_NUM	NULL	F	75_tu
2231	NP_214862.1	NP_216128.1	Known	NOT_REFR_ORG	NOT_REFR_NUM	NULL	F	75_tu
892	NP_214862.1	NP_216129.1	Known	NOT_REFR_ORG	NOT_REFR_NUM	NULL	F	75_tu
893	NP_214862.1	NP_216130.1	Known	NOT_REFR_ORG	NOT_REFR_NUM	NULL	F	75_tu
2251	NP_214862.1	NP_216137.1	Known	NOT_REFR_ORG	NOT_REFR_NUM	NULL	NOT_STRAND	NOT_TU_REFER
915	NP_214862.1	NP_216138.1	Known	NOT_REFR_ORG	NOT_REFR_NUM	NULL	R	76_tu
2285	NP_214862.1	NP_216157.1	Known	NOT_REFR_ORG	NOT_REFR_NUM	NULL	F	77_tu
2286	NP_214862.1	NP_216158.1	Known	NOT_REFR_ORG	NOT_REFR_NUM	NULL	F	77_tu
946	NP_214862.1	NP_216159.1	Known	NOT_REFR_ORG	NOT_REFR_NUM	NULL	F	77_tu
2287	NP_214862.1	NP_216160.1	Known	NOT_REFR_ORG	NOT_REFR_NUM	NULL	F	77_tu
998	NP_214862.1	NP_216249.1	Known	NOT_REFR_ORG	NOT_REFR_NUM	NULL	NOT_STRAND	NOT_TU_REFER
2332	NP_214862.1	NP_216252.1	Known	NOT_REFR_ORG	NOT_REFR_NUM	NULL	R	78_tu
999	NP_214862.1	NP_216253.1	Known	NOT_REFR_ORG	NOT_REFR_NUM	NULL	R	78_tu
1000	NP_214862.1	NP_216254.1	Known	NOT_REFR_ORG	NOT_REFR_NUM	NULL	F	79_tu
947	NP_214862.1	NP_216310.1	Known	NOT_REFR_ORG	NOT_REFR_NUM	NULL	F	80_tu
948	NP_214862.1	NP_216326.1	Known	NOT_REFR_ORG	NOT_REFR_NUM	NULL	F	81_tu
1001	NP_214862.1	NP_216329.1	Known	NOT_REFR_ORG	NOT_REFR_NUM	NULL	R	82_tu
949	NP_214862.1	NP_216342.1	Known	NOT_REFR_ORG	NOT_REFR_NUM	NULL	NOT_STRAND	NOT_TU_REFER
2333	NP_214862.1	NP_216359.1	Known	NOT_REFR_ORG	NOT_REFR_NUM	NULL	R	83_tu
2335	NP_214862.1	NP_216361.1	Known	NOT_REFR_ORG	NOT_REFR_NUM	NULL	R	83_tu
1002	NP_214862.1	NP_216362.1	Known	NOT_REFR_ORG	NOT_REFR_NUM	NULL	R	83_tu
2288	NP_214862.1	NP_216397.1	Known	NOT_REFR_ORG	NOT_REFR_NUM	NULL	NOT_STRAND	NOT_TU_REFER
2289	NP_214862.1	NP_216398.1	Known	NOT_REFR_ORG	NOT_REFR_NUM	NULL	NOT_STRAND	NOT_TU_REFER
950	NP_214862.1	NP_216399.1	Known	NOT_REFR_ORG	NOT_REFR_NUM	NULL	NOT_STRAND	NOT_TU_REFER
2290	NP_214862.1	NP_216400.1	Known	NOT_REFR_ORG	NOT_REFR_NUM	NULL	NOT_STRAND	NOT_TU_REFER
2291	NP_214862.1	NP_216401.1	Known	NOT_REFR_ORG	NOT_REFR_NUM	NULL	NOT_STRAND	NOT_TU_REFER
951	NP_214862.1	NP_216402.1	Known	NOT_REFR_ORG	NOT_REFR_NUM	NULL	NOT_STRAND	NOT_TU_REFER
1003	NP_214862.1	NP_216410.1	Known	NOT_REFR_ORG	NOT_REFR_NUM	NULL	R	84_tu
1004	NP_214862.1	NP_216471.2	Known	NOT_REFR_ORG	NOT_REFR_NUM	NULL	F	85_tu
2336	NP_214862.1	NP_216472.1	Known	NOT_REFR_ORG	NOT_REFR_NUM	NULL	F	85_tu
2337	NP_214862.1	NP_216473.1	Known	NOT_REFR_ORG	NOT_REFR_NUM	NULL	F	85_tu
1005	NP_214862.1	NP_216512.1	Known	NOT_REFR_ORG	NOT_REFR_NUM	NULL	F	86_tu
1006	NP_214862.1	NP_216513.1	Known	NOT_REFR_ORG	NOT_REFR_NUM	NULL	F	87_tu
2252	NP_214862.1	NP_216544.1	Known	NOT_REFR_ORG	NOT_REFR_NUM	NULL	NOT_STRAND	NOT_TU_REFER
2253	NP_214862.1	NP_216545.1	Known	NOT_REFR_ORG	NOT_REFR_NUM	NULL	NOT_STRAND	NOT_TU_REFER
2254	NP_214862.1	NP_216546.1	Known	NOT_REFR_ORG	NOT_REFR_NUM	NULL	NOT_STRAND	NOT_TU_REFER
917	NP_214862.1	NP_216547.1	Known	NOT_REFR_ORG	NOT_REFR_NUM	NULL	NOT_STRAND	NOT_TU_REFER
1007	NP_214862.1	NP_216548.1	Known	NOT_REFR_ORG	NOT_REFR_NUM	NULL	F	88_tu
952	NP_214862.1	NP_216583.1	Known	NOT_REFR_ORG	NOT_REFR_NUM	NULL	R	89_tu
2292	NP_214862.1	NP_216584.1	Known	NOT_REFR_ORG	NOT_REFR_NUM	NULL	R	89_tu
953	NP_214862.1	NP_216596.1	Known	NOT_REFR_ORG	NOT_REFR_NUM	NULL	NOT_STRAND	NOT_TU_REFER
954	NP_214862.1	NP_216663.1	Known	NOT_REFR_ORG	NOT_REFR_NUM	NULL	R	90_tu
90_tu	NP_214862.1	NP_216664.1	New	NOT_REFR_ORG	NOT_REFR_NUM	NULL	R	90_tu
90_tu	NP_214862.1	NP_216665.1	New	NOT_REFR_ORG	NOT_REFR_NUM	NULL	R	90_tu
90_tu	NP_214862.1	NP_216666.1	New	NOT_REFR_ORG	NOT_REFR_NUM	NULL	R	90_tu
955	NP_214862.1	NP_216706.1	Known	NOT_REFR_ORG	NOT_REFR_NUM	NULL	R	91_tu
1008	NP_214862.1	NP_216709.1	Known	NOT_REFR_ORG	NOT_REFR_NUM	NULL	F	92_tu
2338	NP_214862.1	NP_216710.1	Known	NOT_REFR_ORG	NOT_REFR_NUM	NULL	F	92_tu
2339	NP_214862.1	NP_216711.1	Known	NOT_REFR_ORG	NOT_REFR_NUM	NULL	F	92_tu
2340	NP_214862.1	NP_216712.1	Known	NOT_REFR_ORG	NOT_REFR_NUM	NULL	F	92_tu
894	NP_214862.1	NP_216907.1	Known	NOT_REFR_ORG	NOT_REFR_NUM	NULL	F	93_tu
895	NP_214862.1	NP_216908.1	Known	NOT_REFR_ORG	NOT_REFR_NUM	NULL	F	93_tu
2232	NP_214862.1	NP_216909.1	Known	NOT_REFR_ORG	NOT_REFR_NUM	NULL	F	93_tu
2233	NP_214862.1	NP_216910.1	Known	NOT_REFR_ORG	NOT_REFR_NUM	NULL	F	93_tu
956	NP_214862.1	NP_216957.1	Known	NOT_REFR_ORG	NOT_REFR_NUM	NULL	R	94_tu
2293	NP_214862.1	NP_216958.1	Known	NOT_REFR_ORG	NOT_REFR_NUM	NULL	R	94_tu
1009	NP_214862.1	NP_217011.1	Known	NOT_REFR_ORG	NOT_REFR_NUM	NULL	R	95_tu
2341	NP_214862.1	NP_217012.1	Known	NOT_REFR_ORG	NOT_REFR_NUM	NULL	R	95_tu
1010	NP_214862.1	NP_217013.1	Known	NOT_REFR_ORG	NOT_REFR_NUM	NULL	R	95_tu
1011	NP_214862.1	NP_217073.1	Known	NOT_REFR_ORG	NOT_REFR_NUM	NULL	F	96_tu
2342	NP_214862.1	NP_217074.1	Known	NOT_REFR_ORG	NOT_REFR_NUM	NULL	F	97_tu
1012	NP_214862.1	NP_217139.1	Known	NOT_REFR_ORG	NOT_REFR_NUM	NULL	F	98_tu
1013	NP_214862.1	NP_217140.1	Known	NOT_REFR_ORG	NOT_REFR_NUM	NULL	R	99_tu
1014	NP_214862.1	NP_217141.1	Known	NOT_REFR_ORG	NOT_REFR_NUM	NULL	R	99_tu
1015	NP_214862.1	NP_217142.1	Known	NOT_REFR_ORG	NOT_REFR_NUM	NULL	R	99_tu
1016	NP_214862.1	NP_217143.1	Known	NOT_REFR_ORG	NOT_REFR_NUM	NULL	R	100_tu
1017	NP_214862.1	NP_217144.1	Known	NOT_REFR_ORG	NOT_REFR_NUM	NULL	F	101_tu
918	NP_214862.1	NP_217145.1	Known	NOT_REFR_ORG	NOT_REFR_NUM	NULL	F	102_tu
919	NP_214862.1	NP_217146.1	Known	NOT_REFR_ORG	NOT_REFR_NUM	NULL	F	102_tu
1018	NP_214862.1	NP_217296.1	Known	NOT_REFR_ORG	NOT_REFR_NUM	NULL	F	103_tu
957	NP_214862.1	NP_217356.3	Known	NOT_REFR_ORG	NOT_REFR_NUM	NULL	R	104_tu
1019	NP_214862.1	NP_217362.1	Known	NOT_REFR_ORG	NOT_REFR_NUM	NULL	R	105_tu
958	NP_214862.1	NP_217444.1	Known	NOT_REFR_ORG	NOT_REFR_NUM	NULL	F	106_tu
2294	NP_214862.1	NP_217445.1	Known	NOT_REFR_ORG	NOT_REFR_NUM	NULL	F	106_tu
2234	NP_214862.1	NP_217461.1	Known	NOT_REFR_ORG	NOT_REFR_NUM	NULL	R	107_tu
2235	NP_214862.1	NP_217462.1	Known	NOT_REFR_ORG	NOT_REFR_NUM	NULL	R	108_tu
2236	NP_214862.1	NP_217463.1	Known	NOT_REFR_ORG	NOT_REFR_NUM	NULL	R	108_tu
896	NP_214862.1	NP_217464.1	Known	NOT_REFR_ORG	NOT_REFR_NUM	NULL	R	108_tu
897	NP_214862.1	NP_217465.1	Known	NOT_REFR_ORG	NOT_REFR_NUM	NULL	R	108_tu
898	NP_214862.1	NP_217466.3	Known	NOT_REFR_ORG	NOT_REFR_NUM	NULL	R	108_tu
2295	NP_214862.1	NP_217474.1	Known	NOT_REFR_ORG	NOT_REFR_NUM	NULL	R	109_tu
959	NP_214862.1	NP_217475.1	Known	NOT_REFR_ORG	NOT_REFR_NUM	NULL	R	110_tu
2296	NP_214862.1	NP_217476.1	Known	NOT_REFR_ORG	NOT_REFR_NUM	NULL	R	111_tu
960	NP_214862.1	NP_217502.1	Known	NOT_REFR_ORG	NOT_REFR_NUM	NULL	R	112_tu
2255	NP_214862.1	NP_217563.1	Known	NOT_REFR_ORG	NOT_REFR_NUM	NULL	R	113_tu
2256	NP_214862.1	NP_217568.1	Known	NOT_REFR_ORG	NOT_REFR_NUM	NULL	NOT_STRAND	NOT_TU_REFER
921	NP_214862.1	NP_217569.1	Known	NOT_REFR_ORG	NOT_REFR_NUM	NULL	NOT_STRAND	NOT_TU_REFER
1020	NP_214862.1	NP_217643.1	Known	NOT_REFR_ORG	NOT_REFR_NUM	NULL	F	114_tu
1021	NP_214862.1	NP_217646.1	Known	NOT_REFR_ORG	NOT_REFR_NUM	NULL	R	115_tu
1022	NP_214862.1	NP_217647.3	Known	NOT_REFR_ORG	NOT_REFR_NUM	NULL	F	116_tu
922	NP_214862.1	NP_217655.1	Known	NOT_REFR_ORG	NOT_REFR_NUM	NULL	F	117_tu
923	NP_214862.1	NP_217656.1	Known	NOT_REFR_ORG	NOT_REFR_NUM	NULL	F	117_tu
2237	NP_214862.1	NP_217661.1	Known	NOT_REFR_ORG	NOT_REFR_NUM	NULL	F	118_tu
2238	NP_214862.1	NP_217662.1	Known	NOT_REFR_ORG	NOT_REFR_NUM	NULL	F	118_tu
2239	NP_214862.1	NP_217663.1	Known	NOT_REFR_ORG	NOT_REFR_NUM	NULL	F	118_tu
899	NP_214862.1	NP_217664.1	Known	NOT_REFR_ORG	NOT_REFR_NUM	NULL	F	118_tu
900	NP_214862.1	NP_217665.1	Known	NOT_REFR_ORG	NOT_REFR_NUM	NULL	F	118_tu
901	NP_214862.1	NP_217666.1	Known	NOT_REFR_ORG	NOT_REFR_NUM	NULL	F	118_tu
902	NP_214862.1	NP_217667.1	Known	NOT_REFR_ORG	NOT_REFR_NUM	NULL	F	118_tu
903	NP_214862.1	NP_217668.1	Known	NOT_REFR_ORG	NOT_REFR_NUM	NULL	F	119_tu
904	NP_214862.1	NP_217669.1	Known	NOT_REFR_ORG	NOT_REFR_NUM	NULL	F	119_tu
905	NP_214862.1	NP_217670.1	Known	NOT_REFR_ORG	NOT_REFR_NUM	NULL	F	119_tu
2240	NP_214862.1	NP_217671.1	Known	NOT_REFR_ORG	NOT_REFR_NUM	NULL	F	119_tu
2241	NP_214862.1	NP_217672.1	Known	NOT_REFR_ORG	NOT_REFR_NUM	NULL	F	119_tu
2242	NP_214862.1	NP_217673.1	Known	NOT_REFR_ORG	NOT_REFR_NUM	NULL	F	119_tu
2243	NP_214862.1	NP_217674.1	Known	NOT_REFR_ORG	NOT_REFR_NUM	NULL	F	119_tu
1023	NP_214862.1	NP_217747.1	Known	NOT_REFR_ORG	NOT_REFR_NUM	NULL	R	120_tu
962	NP_214862.1	NP_217894.1	Known	NOT_REFR_ORG	NOT_REFR_NUM	NULL	R	121_tu
2298	NP_214862.1	NP_217895.1	Known	NOT_REFR_ORG	NOT_REFR_NUM	NULL	R	121_tu
2299	NP_214862.1	NP_217896.1	Known	NOT_REFR_ORG	NOT_REFR_NUM	NULL	R	121_tu
2244	NP_214862.1	NP_217972.3	Known	NOT_REFR_ORG	NOT_REFR_NUM	NULL	R	122_tu
963	NP_214862.1	NP_217973.1	Known	NOT_REFR_ORG	NOT_REFR_NUM	NULL	R	122_tu
964	NP_214862.1	NP_217974.1	Known	NOT_REFR_ORG	NOT_REFR_NUM	NULL	R	122_tu
2245	NP_214862.1	NP_217975.1	Known	NOT_REFR_ORG	NOT_REFR_NUM	NULL	R	123_tu
2246	NP_214862.1	NP_217976.1	Known	NOT_REFR_ORG	NOT_REFR_NUM	NULL	R	123_tu
906	NP_214862.1	NP_217977.1	Known	NOT_REFR_ORG	NOT_REFR_NUM	NULL	R	123_tu
965	NP_214862.1	NP_217978.1	Known	NOT_REFR_ORG	NOT_REFR_NUM	NULL	R	124_tu
2247	NP_214862.1	NP_217979.1	Known	NOT_REFR_ORG	NOT_REFR_NUM	NULL	R	124_tu
968	NP_214862.1	NP_218004.3	Known	NOT_REFR_ORG	NOT_REFR_NUM	NULL	R	125_tu
969	NP_214862.1	NP_218117.1	Known	NOT_REFR_ORG	NOT_REFR_NUM	NULL	R	126_tu
2300	NP_214862.1	NP_218118.1	Known	NOT_REFR_ORG	NOT_REFR_NUM	NULL	R	126_tu
2301	NP_214862.1	NP_218119.1	Known	NOT_REFR_ORG	NOT_REFR_NUM	NULL	R	126_tu
2302	NP_214862.1	NP_218120.1	Known	NOT_REFR_ORG	NOT_REFR_NUM	NULL	R	126_tu
1024	NP_214862.1	NP_218192.1	Known	NOT_REFR_ORG	NOT_REFR_NUM	NULL	F	127_tu
970	NP_214862.1	NP_218197.1	Known	NOT_REFR_ORG	NOT_REFR_NUM	NULL	NOT_STRAND	NOT_TU_REFER
971	NP_214862.1	NP_218203.1	Known	NOT_REFR_ORG	NOT_REFR_NUM	NULL	NOT_STRAND	NOT_TU_REFER
972	NP_214862.1	NP_218280.1	Known	NOT_REFR_ORG	NOT_REFR_NUM	NULL	F	128_tu
973	NP_214862.1	NP_218300.1	Known	NOT_REFR_ORG	NOT_REFR_NUM	NULL	NOT_STRAND	NOT_TU_REFER
2303	NP_214862.1	NP_218322.1	Known	NOT_REFR_ORG	NOT_REFR_NUM	NULL	R	129_tu
974	NP_214862.1	NP_218323.1	Known	NOT_REFR_ORG	NOT_REFR_NUM	NULL	R	130_tu
2304	NP_214862.1	NP_218324.1	Known	NOT_REFR_ORG	NOT_REFR_NUM	NULL	R	130_tu
130_tu	NP_214862.1	NP_218325.1	New	NOT_REFR_ORG	NOT_REFR_NUM	NULL	R	130_tu
130_tu	NP_214862.1	NP_218326.1	New	NOT_REFR_ORG	NOT_REFR_NUM	NULL	R	130_tu
975	NP_214862.1	NP_218339.1	Known	NOT_REFR_ORG	NOT_REFR_NUM	NULL	NOT_STRAND	NOT_TU_REFER
976	NP_214862.1	NP_218340.1	Known	NOT_REFR_ORG	NOT_REFR_NUM	NULL	R	131_tu
907	NP_214862.1	NP_218341.1	Known	NOT_REFR_ORG	NOT_REFR_NUM	NULL	R	132_tu
908	NP_214862.1	NP_218342.1	Known	NOT_REFR_ORG	NOT_REFR_NUM	NULL	R	132_tu
1025	NP_214862.1	NP_218358.1	Known	NOT_REFR_ORG	NOT_REFR_NUM	NULL	F	133_tu
1026	NP_214862.1	NP_218359.1	Known	NOT_REFR_ORG	NOT_REFR_NUM	NULL	R	134_tu
134_tu	NP_214862.1	NP_218360.1	New	NOT_REFR_ORG	NOT_REFR_NUM	NULL	R	134_tu
1027	NP_214862.1	NP_218371.1	Known	NOT_REFR_ORG	NOT_REFR_NUM	NULL	R	135_tu
2248	NP_214862.1	NP_218434.2	Known	NOT_REFR_ORG	NOT_REFR_NUM	NULL	NOT_STRAND	NOT_TU_REFER
2249	NP_214862.1	NP_218436.2	Known	NOT_REFR_ORG	NOT_REFR_NUM	NULL	NOT_STRAND	NOT_TU_REFER
2250	NP_214862.1	NP_218437.1	Known	NOT_REFR_ORG	NOT_REFR_NUM	NULL	R	136_tu
909	NP_214862.1	NP_218438.1	Known	NOT_REFR_ORG	NOT_REFR_NUM	NULL	R	137_tu
910	NP_214862.1	NP_218439.1	Known	NOT_REFR_ORG	NOT_REFR_NUM	NULL	R	137_tu
911	NP_214862.1	NP_218440.3	Known	NOT_REFR_ORG	NOT_REFR_NUM	NULL	R	137_tu
912	NP_214862.1	NP_218441.1	Known	NOT_REFR_ORG	NOT_REFR_NUM	NULL	R	137_tu
2260	NP_214862.1	YP_177688.1	Known	NOT_REFR_ORG	NOT_REFR_NUM	NULL	F	27_tu
978	NP_214862.1	YP_177694.1	Known	NOT_REFR_ORG	NOT_REFR_NUM	NULL	R	138_tu
862	NP_214862.1	YP_177701.1	Known	NOT_REFR_ORG	NOT_REFR_NUM	NULL	F	36_tu
933	NP_214862.1	YP_177729.1	Known	NOT_REFR_ORG	NOT_REFR_NUM	NULL	F	139_tu
871	NP_214862.1	YP_177746.1	Known	NOT_REFR_ORG	NOT_REFR_NUM	NULL	F	140_tu
2227	NP_214862.1	YP_177747.1	Known	NOT_REFR_ORG	NOT_REFR_NUM	NULL	F	55_tu
914	NP_214862.1	YP_177758.1	Known	NOT_REFR_ORG	NOT_REFR_NUM	NULL	R	141_tu
2279	NP_214862.1	YP_177794.1	Known	NOT_REFR_ORG	NOT_REFR_NUM	NULL	F	142_tu
2280	NP_214862.1	YP_177795.1	Known	NOT_REFR_ORG	NOT_REFR_NUM	NULL	F	142_tu
916	NP_214862.1	YP_177824.1	Known	NOT_REFR_ORG	NOT_REFR_NUM	NULL	R	76_tu
2334	NP_214862.1	YP_177848.1	Known	NOT_REFR_ORG	NOT_REFR_NUM	NULL	R	83_tu
920	NP_214862.1	YP_177921.1	Known	NOT_REFR_ORG	NOT_REFR_NUM	NULL	R	143_tu
961	NP_214862.1	YP_177934.1	Known	NOT_REFR_ORG	NOT_REFR_NUM	NULL	F	144_tu
2297	NP_214862.1	YP_177935.1	Known	NOT_REFR_ORG	NOT_REFR_NUM	NULL	F	144_tu
2343	NP_214862.1	YP_177948.1	Known	NOT_REFR_ORG	NOT_REFR_NUM	NULL	R	145_tu
966	NP_214862.1	YP_177975.1	Known	NOT_REFR_ORG	NOT_REFR_NUM	NULL	F	146_tu
967	NP_214862.1	YP_177976.1	Known	NOT_REFR_ORG	NOT_REFR_NUM	NULL	F	146_tu
1809	NP_214867.1	NP_214764.1	Known	NOT_REFR_ORG	NOT_REFR_NUM	NULL	R	147_tu
15	NP_214867.1	NP_214765.1	Known	NOT_REFR_ORG	NOT_REFR_NUM	NULL	R	148_tu
16	NP_214867.1	NP_214766.1	Known	NOT_REFR_ORG	NOT_REFR_NUM	NULL	F	149_tu
149_tu	NP_214867.1	NP_214767.1	New	NOT_REFR_ORG	NOT_REFR_NUM	NULL	F	149_tu
17	NP_214867.1	NP_214864.1	Known	NOT_REFR_ORG	NOT_REFR_NUM	NULL	F	150_tu
1810	NP_214867.1	NP_214865.1	Known	NOT_REFR_ORG	NOT_REFR_NUM	NULL	F	150_tu
1812	NP_214867.1	NP_214867.1	Known	NOT_REFR_ORG	NOT_REFR_NUM	NULL	F	150_tu
18	NP_214867.1	NP_214898.1	Known	NOT_REFR_ORG	NOT_REFR_NUM	NULL	R	151_tu
19	NP_214867.1	NP_214899.1	Known	NOT_REFR_ORG	NOT_REFR_NUM	NULL	F	152_tu
1811	NP_214867.1	YP_177719.1	Known	NOT_REFR_ORG	NOT_REFR_NUM	NULL	F	150_tu
1053	NP_214959.1	NP_214758.1	Known	NOT_REFR_ORG	NOT_REFR_NUM	NULL	R	153_tu
1054	NP_214959.1	NP_214954.1	Known	NOT_REFR_ORG	NOT_REFR_NUM	NULL	F	154_tu
1055	NP_214959.1	NP_215065.1	Known	NOT_REFR_ORG	NOT_REFR_NUM	NULL	R	155_tu
1056	NP_214959.1	NP_215976.2	Known	NOT_REFR_ORG	NOT_REFR_NUM	NULL	F	156_tu
1057	NP_214959.1	NP_215977.1	Known	NOT_REFR_ORG	NOT_REFR_NUM	NULL	F	156_tu
1058	NP_214959.1	NP_215978.1	Known	NOT_REFR_ORG	NOT_REFR_NUM	NULL	F	156_tu
1059	NP_214959.1	NP_215979.1	Known	NOT_REFR_ORG	NOT_REFR_NUM	NULL	F	156_tu
1060	NP_214959.1	NP_215980.1	Known	NOT_REFR_ORG	NOT_REFR_NUM	NULL	F	156_tu
1061	NP_214959.1	NP_215981.1	Known	NOT_REFR_ORG	NOT_REFR_NUM	NULL	F	156_tu
1062	NP_214959.1	NP_215982.1	Known	NOT_REFR_ORG	NOT_REFR_NUM	NULL	F	156_tu
2344	NP_214959.1	NP_216544.1	Known	NOT_REFR_ORG	NOT_REFR_NUM	NULL	NOT_STRAND	NOT_TU_REFER
2345	NP_214959.1	NP_216545.1	Known	NOT_REFR_ORG	NOT_REFR_NUM	NULL	NOT_STRAND	NOT_TU_REFER
2346	NP_214959.1	NP_216546.1	Known	NOT_REFR_ORG	NOT_REFR_NUM	NULL	NOT_STRAND	NOT_TU_REFER
1329	NP_214959.1	NP_216547.1	Known	NOT_REFR_ORG	NOT_REFR_NUM	NULL	NOT_STRAND	NOT_TU_REFER
1063	NP_214959.1	NP_217446.2	Known	NOT_REFR_ORG	NOT_REFR_NUM	NULL	F	157_tu
1064	NP_214959.1	NP_217447.1	Known	NOT_REFR_ORG	NOT_REFR_NUM	NULL	F	157_tu
1065	NP_214959.1	NP_217448.1	Known	NOT_REFR_ORG	NOT_REFR_NUM	NULL	F	157_tu
1066	NP_214959.1	NP_217449.1	Known	NOT_REFR_ORG	NOT_REFR_NUM	NULL	F	157_tu
1067	NP_214959.1	NP_217450.1	Known	NOT_REFR_ORG	NOT_REFR_NUM	NULL	F	157_tu
1068	NP_214959.1	NP_217451.1	Known	NOT_REFR_ORG	NOT_REFR_NUM	NULL	F	157_tu
1069	NP_214959.1	NP_217452.1	Known	NOT_REFR_ORG	NOT_REFR_NUM	NULL	F	157_tu
1070	NP_214959.1	NP_217453.1	Known	NOT_REFR_ORG	NOT_REFR_NUM	NULL	F	157_tu
1071	NP_214959.1	NP_217454.1	Known	NOT_REFR_ORG	NOT_REFR_NUM	NULL	F	157_tu
1072	NP_214959.1	NP_217455.1	Known	NOT_REFR_ORG	NOT_REFR_NUM	NULL	F	157_tu
1077	NP_214959.1	NP_218021.1	Known	NOT_REFR_ORG	NOT_REFR_NUM	NULL	F	158_tu
1078	NP_214959.1	NP_218022.1	Known	NOT_REFR_ORG	NOT_REFR_NUM	NULL	F	158_tu
1074	NP_214959.1	NP_218060.1	Known	NOT_REFR_ORG	NOT_REFR_NUM	NULL	NOT_STRAND	NOT_TU_REFER
1075	NP_214959.1	NP_218061.1	Known	NOT_REFR_ORG	NOT_REFR_NUM	NULL	NOT_STRAND	NOT_TU_REFER
1076	NP_214959.1	NP_218062.1	Known	NOT_REFR_ORG	NOT_REFR_NUM	NULL	NOT_STRAND	NOT_TU_REFER
1079	NP_214959.1	NP_218067.1	Known	NOT_REFR_ORG	NOT_REFR_NUM	NULL	F	159_tu
1080	NP_214959.1	NP_218068.1	Known	NOT_REFR_ORG	NOT_REFR_NUM	NULL	F	159_tu
1081	NP_214959.1	NP_218069.1	Known	NOT_REFR_ORG	NOT_REFR_NUM	NULL	F	159_tu
1073	NP_214959.1	YP_177940.1	Known	NOT_REFR_ORG	NOT_REFR_NUM	NULL	R	160_tu
1614	NP_214979.1	NP_214978.1	Known	NOT_REFR_ORG	NOT_REFR_NUM	NULL	R	161_tu
1612	NP_214979.1	NP_214979.1	Known	NOT_REFR_ORG	NOT_REFR_NUM	NULL	R	161_tu
2548	NP_214979.1	NP_214982.1	Known	NOT_REFR_ORG	NOT_REFR_NUM	NULL	F	162_tu
1615	NP_214979.1	NP_216815.1	Known	NOT_REFR_ORG	NOT_REFR_NUM	NULL	R	163_tu
1613	NP_214979.1	YP_177728.1	Known	NOT_REFR_ORG	NOT_REFR_NUM	NULL	F	164_tu
20	NP_214999.1	NP_214999.1	Known	NOT_REFR_ORG	NOT_REFR_NUM	NULL	F	165_tu
165_tu	NP_214999.1	NP_215000.1	New	NOT_REFR_ORG	NOT_REFR_NUM	NULL	F	165_tu
165_tu	NP_214999.1	NP_215001.1	New	NOT_REFR_ORG	NOT_REFR_NUM	NULL	F	165_tu
21	NP_214999.1	NP_215534.1	Known	NOT_REFR_ORG	NOT_REFR_NUM	NULL	R	166_tu
1774	NP_214999.1	NP_215563.1	Known	NOT_REFR_ORG	NOT_REFR_NUM	NULL	F	167_tu
2621	NP_214999.1	NP_215713.1	Known	NOT_REFR_ORG	NOT_REFR_NUM	NULL	F	168_tu
2622	NP_214999.1	NP_215714.1	Known	NOT_REFR_ORG	NOT_REFR_NUM	NULL	F	168_tu
1776	NP_214999.1	NP_215800.1	Known	NOT_REFR_ORG	NOT_REFR_NUM	NULL	F	169_tu
2623	NP_214999.1	NP_215801.1	Known	NOT_REFR_ORG	NOT_REFR_NUM	NULL	F	170_tu
2624	NP_214999.1	NP_215802.1	Known	NOT_REFR_ORG	NOT_REFR_NUM	NULL	F	170_tu
170_tu	NP_214999.1	NP_215803.1	New	NOT_REFR_ORG	NOT_REFR_NUM	NULL	F	170_tu
170_tu	NP_214999.1	NP_215804.1	New	NOT_REFR_ORG	NOT_REFR_NUM	NULL	F	170_tu
170_tu	NP_214999.1	NP_215805.1	New	NOT_REFR_ORG	NOT_REFR_NUM	NULL	F	170_tu
1813	NP_214999.1	NP_216207.1	Known	NOT_REFR_ORG	NOT_REFR_NUM	NULL	NOT_STRAND	NOT_TU_REFER
22	NP_214999.1	NP_216208.1	Known	NOT_REFR_ORG	NOT_REFR_NUM	NULL	NOT_STRAND	NOT_TU_REFER
1777	NP_214999.1	NP_216514.1	Known	NOT_REFR_ORG	NOT_REFR_NUM	NULL	R	171_tu
2625	NP_214999.1	NP_216515.1	Known	NOT_REFR_ORG	NOT_REFR_NUM	NULL	R	172_tu
1781	NP_214999.1	NP_216907.1	Known	NOT_REFR_ORG	NOT_REFR_NUM	NULL	F	173_tu
1782	NP_214999.1	NP_216908.1	Known	NOT_REFR_ORG	NOT_REFR_NUM	NULL	F	173_tu
1783	NP_214999.1	NP_216909.1	Known	NOT_REFR_ORG	NOT_REFR_NUM	NULL	F	173_tu
1784	NP_214999.1	NP_216910.1	Known	NOT_REFR_ORG	NOT_REFR_NUM	NULL	F	173_tu
1778	NP_214999.1	NP_217141.1	Known	NOT_REFR_ORG	NOT_REFR_NUM	NULL	NOT_STRAND	NOT_TU_REFER
1779	NP_214999.1	NP_217142.1	Known	NOT_REFR_ORG	NOT_REFR_NUM	NULL	NOT_STRAND	NOT_TU_REFER
1780	NP_214999.1	NP_217648.1	Known	NOT_REFR_ORG	NOT_REFR_NUM	NULL	R	174_tu
2626	NP_214999.1	NP_217649.1	Known	NOT_REFR_ORG	NOT_REFR_NUM	NULL	R	174_tu
2627	NP_214999.1	NP_217650.1	Known	NOT_REFR_ORG	NOT_REFR_NUM	NULL	R	174_tu
23	NP_214999.1	NP_217849.1	Known	NOT_REFR_ORG	NOT_REFR_NUM	NULL	NOT_STRAND	NOT_TU_REFER
24	NP_214999.1	NP_217953.1	Known	NOT_REFR_ORG	NOT_REFR_NUM	NULL	R	175_tu
1775	NP_214999.1	YP_177794.1	Known	NOT_REFR_ORG	NOT_REFR_NUM	NULL	F	176_tu
1785	NP_214999.1	YP_177795.1	Known	NOT_REFR_ORG	NOT_REFR_NUM	NULL	F	176_tu
2168	NP_215005.1	NP_214567.1	Known	NOT_REFR_ORG	NOT_REFR_NUM	NULL	F	177_tu
2169	NP_215005.1	NP_214568.1	Known	NOT_REFR_ORG	NOT_REFR_NUM	NULL	F	178_tu
2171	NP_215005.1	NP_214570.1	Known	NOT_REFR_ORG	NOT_REFR_NUM	NULL	F	178_tu
2172	NP_215005.1	NP_214571.1	Known	NOT_REFR_ORG	NOT_REFR_NUM	NULL	F	178_tu
775	NP_215005.1	NP_214572.1	Known	NOT_REFR_ORG	NOT_REFR_NUM	NULL	F	178_tu
2173	NP_215005.1	NP_214573.1	Known	NOT_REFR_ORG	NOT_REFR_NUM	NULL	F	179_tu
2174	NP_215005.1	NP_214574.1	Known	NOT_REFR_ORG	NOT_REFR_NUM	NULL	F	179_tu
1814	NP_215005.1	NP_214586.1	Known	NOT_REFR_ORG	NOT_REFR_NUM	NULL	F	180_tu
25	NP_215005.1	NP_214587.1	Known	NOT_REFR_ORG	NOT_REFR_NUM	NULL	F	180_tu
740	NP_215005.1	NP_214611.1	Known	NOT_REFR_ORG	NOT_REFR_NUM	NULL	F	270_tu
751	NP_215005.1	NP_214612.1	Known	NOT_REFR_ORG	NOT_REFR_NUM	NULL	F	270_tu
2139	NP_215005.1	NP_214613.1	Known	NOT_REFR_ORG	NOT_REFR_NUM	NULL	F	270_tu
752	NP_215005.1	NP_214614.1	Known	NOT_REFR_ORG	NOT_REFR_NUM	NULL	F	270_tu
730	NP_215005.1	NP_214615.1	Known	NOT_REFR_ORG	NOT_REFR_NUM	NULL	F	270_tu
733	NP_215005.1	NP_214617.1	Known	NOT_REFR_ORG	NOT_REFR_NUM	NULL	R	181_tu
759	NP_215005.1	NP_214697.2	Known	NOT_REFR_ORG	NOT_REFR_NUM	NULL	F	182_tu
182_tu	NP_215005.1	NP_214698.1	New	NOT_REFR_ORG	NOT_REFR_NUM	NULL	F	182_tu
182_tu	NP_215005.1	NP_214699.1	New	NOT_REFR_ORG	NOT_REFR_NUM	NULL	F	182_tu
182_tu	NP_215005.1	NP_214700.1	New	NOT_REFR_ORG	NOT_REFR_NUM	NULL	F	182_tu
755	NP_215005.1	NP_214785.1	Known	NOT_REFR_ORG	NOT_REFR_NUM	NULL	R	183_tu
802	NP_215005.1	NP_214796.1	Known	NOT_REFR_ORG	NOT_REFR_NUM	NULL	F	184_tu
2197	NP_215005.1	NP_214797.1	Known	NOT_REFR_ORG	NOT_REFR_NUM	NULL	F	184_tu
2198	NP_215005.1	NP_214798.1	Known	NOT_REFR_ORG	NOT_REFR_NUM	NULL	F	184_tu
2201	NP_215005.1	NP_214801.1	Known	NOT_REFR_ORG	NOT_REFR_NUM	NULL	F	184_tu
2202	NP_215005.1	NP_214802.1	Known	NOT_REFR_ORG	NOT_REFR_NUM	NULL	F	184_tu
2203	NP_215005.1	NP_214803.1	Known	NOT_REFR_ORG	NOT_REFR_NUM	NULL	F	184_tu
2204	NP_215005.1	NP_214804.1	Known	NOT_REFR_ORG	NOT_REFR_NUM	NULL	F	184_tu
2205	NP_215005.1	NP_214805.1	Known	NOT_REFR_ORG	NOT_REFR_NUM	NULL	F	184_tu
2206	NP_215005.1	NP_214806.1	Known	NOT_REFR_ORG	NOT_REFR_NUM	NULL	F	184_tu
803	NP_215005.1	NP_214826.1	Known	NOT_REFR_ORG	NOT_REFR_NUM	NULL	F	185_tu
11_new	NP_215005.1	NP_214831.1	New	Salmon	259	1	R	186_tu
1082	NP_215005.1	NP_214864.1	Known	NOT_REFR_ORG	NOT_REFR_NUM	NULL	F	187_tu
788	NP_215005.1	NP_214865.1	Known	NOT_REFR_ORG	NOT_REFR_NUM	NULL	F	187_tu
1084	NP_215005.1	NP_214867.1	Known	NOT_REFR_ORG	NOT_REFR_NUM	NULL	F	187_tu
819	NP_215005.1	NP_214944.1	Known	NOT_REFR_ORG	NOT_REFR_NUM	NULL	F	188_tu
2214	NP_215005.1	NP_214945.1	Known	NOT_REFR_ORG	NOT_REFR_NUM	NULL	F	188_tu
2215	NP_215005.1	NP_214946.1	Known	NOT_REFR_ORG	NOT_REFR_NUM	NULL	F	188_tu
2216	NP_215005.1	NP_214947.1	Known	NOT_REFR_ORG	NOT_REFR_NUM	NULL	F	188_tu
188_tu	NP_215005.1	NP_214948.1	New	NOT_REFR_ORG	NOT_REFR_NUM	NULL	F	188_tu
26	NP_215005.1	NP_215004.1	Known	NOT_REFR_ORG	NOT_REFR_NUM	NULL	F	189_tu
27	NP_215005.1	NP_215005.1	Known	Ecoli,Salmon,Salmon,Salmon,Salmon	3250,7,254,388,405	2	F	190_tu
741	NP_215005.1	NP_215030.1	Known	NOT_REFR_ORG	NOT_REFR_NUM	NULL	R	191_tu
13_new	NP_215005.1	NP_215116.1	New	Ecoli	3228	1	NOT_STRAND	NOT_TU_REFER
2207	NP_215005.1	NP_215160.1	Known	NOT_REFR_ORG	NOT_REFR_NUM	NULL	NOT_STRAND	NOT_TU_REFER
804	NP_215005.1	NP_215161.1	Known	NOT_REFR_ORG	NOT_REFR_NUM	NULL	NOT_STRAND	NOT_TU_REFER
770	NP_215005.1	NP_215165.1	Known	NOT_REFR_ORG	NOT_REFR_NUM	NULL	F	192_tu
2160	NP_215005.1	NP_215166.1	Known	NOT_REFR_ORG	NOT_REFR_NUM	NULL	F	192_tu
2161	NP_215005.1	NP_215214.1	Known	NOT_REFR_ORG	NOT_REFR_NUM	NULL	F	193_tu
2162	NP_215005.1	NP_215215.1	Known	NOT_REFR_ORG	NOT_REFR_NUM	NULL	F	193_tu
2163	NP_215005.1	NP_215216.1	Known	NOT_REFR_ORG	NOT_REFR_NUM	NULL	F	193_tu
2164	NP_215005.1	NP_215217.1	Known	NOT_REFR_ORG	NOT_REFR_NUM	NULL	F	193_tu
2165	NP_215005.1	NP_215218.1	Known	NOT_REFR_ORG	NOT_REFR_NUM	NULL	F	194_tu
771	NP_215005.1	NP_215219.1	Known	NOT_REFR_ORG	NOT_REFR_NUM	NULL	F	194_tu
772	NP_215005.1	NP_215220.1	Known	NOT_REFR_ORG	NOT_REFR_NUM	NULL	F	194_tu
773	NP_215005.1	NP_215221.1	Known	NOT_REFR_ORG	NOT_REFR_NUM	NULL	F	194_tu
2166	NP_215005.1	NP_215222.1	Known	NOT_REFR_ORG	NOT_REFR_NUM	NULL	F	194_tu
2167	NP_215005.1	NP_215223.1	Known	NOT_REFR_ORG	NOT_REFR_NUM	NULL	F	194_tu
774	NP_215005.1	NP_215224.1	Known	NOT_REFR_ORG	NOT_REFR_NUM	NULL	F	194_tu
763	NP_215005.1	NP_215318.1	Known	NOT_REFR_ORG	NOT_REFR_NUM	NULL	F	195_tu
195_tu	NP_215005.1	NP_215319.1	New	NOT_REFR_ORG	NOT_REFR_NUM	NULL	F	195_tu
742	NP_215005.1	NP_215322.1	Known	NOT_REFR_ORG	NOT_REFR_NUM	NULL	F	196_tu
28	NP_215005.1	NP_215335.1	Known	Ecoli	3261	1	NOT_STRAND	NOT_TU_REFER
29	NP_215005.1	NP_215336.1	Known	NOT_REFR_ORG	NOT_REFR_NUM	NULL	R	197_tu
197_tu	NP_215005.1	NP_215337.1	New	NOT_REFR_ORG	NOT_REFR_NUM	NULL	R	197_tu
805	NP_215005.1	NP_215354.1	Known	NOT_REFR_ORG	NOT_REFR_NUM	NULL	F	198_tu
783	NP_215005.1	NP_215382.1	Known	NOT_REFR_ORG	NOT_REFR_NUM	NULL	R	199_tu
15_new	NP_215005.1	NP_215444.1	New	Ecoli	3262	1	NOT_STRAND	NOT_TU_REFER
30	NP_215005.1	NP_215445.2	Known	Ecoli	3260	1	NOT_STRAND	NOT_TU_REFER
1815	NP_215005.1	NP_215448.1	Known	NOT_REFR_ORG	NOT_REFR_NUM	NULL	F	200_tu
1816	NP_215005.1	NP_215451.1	Known	NOT_REFR_ORG	NOT_REFR_NUM	NULL	F	200_tu
33	NP_215005.1	NP_215453.1	Known	NOT_REFR_ORG	NOT_REFR_NUM	NULL	F	201_tu
1817	NP_215005.1	NP_215454.1	Known	NOT_REFR_ORG	NOT_REFR_NUM	NULL	F	201_tu
2145	NP_215005.1	NP_215488.1	Known	NOT_REFR_ORG	NOT_REFR_NUM	NULL	NOT_STRAND	NOT_TU_REFER
756	NP_215005.1	NP_215489.1	Known	NOT_REFR_ORG	NOT_REFR_NUM	NULL	NOT_STRAND	NOT_TU_REFER
2146	NP_215005.1	NP_215490.1	Known	NOT_REFR_ORG	NOT_REFR_NUM	NULL	NOT_STRAND	NOT_TU_REFER
2147	NP_215005.1	NP_215491.1	Known	NOT_REFR_ORG	NOT_REFR_NUM	NULL	NOT_STRAND	NOT_TU_REFER
34	NP_215005.1	NP_215501.1	Known	NOT_REFR_ORG	NOT_REFR_NUM	NULL	F	202_tu
1818	NP_215005.1	NP_215502.1	Known	NOT_REFR_ORG	NOT_REFR_NUM	NULL	F	202_tu
1819	NP_215005.1	NP_215503.1	Known	NOT_REFR_ORG	NOT_REFR_NUM	NULL	F	202_tu
816	NP_215005.1	NP_215632.1	Known	NOT_REFR_ORG	NOT_REFR_NUM	NULL	F	203_tu
2134	NP_215005.1	NP_215646.1	Known	NOT_REFR_ORG	NOT_REFR_NUM	NULL	F	204_tu
728	NP_215005.1	NP_215647.1	Known	NOT_REFR_ORG	NOT_REFR_NUM	NULL	F	204_tu
204_tu	NP_215005.1	NP_215648.1	New	NOT_REFR_ORG	NOT_REFR_NUM	NULL	F	204_tu
794	NP_215005.1	NP_215664.1	Known	NOT_REFR_ORG	NOT_REFR_NUM	NULL	R	205_tu
2188	NP_215005.1	NP_215713.1	Known	NOT_REFR_ORG	NOT_REFR_NUM	NULL	F	206_tu
2189	NP_215005.1	NP_215714.1	Known	NOT_REFR_ORG	NOT_REFR_NUM	NULL	F	206_tu
792	NP_215005.1	NP_215715.1	Known	NOT_REFR_ORG	NOT_REFR_NUM	NULL	R	207_tu
17_new	NP_215005.1	NP_215716.1	New	Salmon	2748	1	F	208_tu
18_new	NP_215005.1	NP_215754.1	New	Ecoli,Ecoli,Salmon	3271,3272,260	2	NOT_STRAND	NOT_TU_REFER
2177	NP_215005.1	NP_215767.1	Known	NOT_REFR_ORG	NOT_REFR_NUM	NULL	R	209_tu
781	NP_215005.1	NP_215768.1	Known	NOT_REFR_ORG	NOT_REFR_NUM	NULL	R	209_tu
1820	NP_215005.1	NP_215796.1	Known	NOT_REFR_ORG	NOT_REFR_NUM	NULL	R	210_tu
35	NP_215005.1	NP_215797.1	Known	NOT_REFR_ORG	NOT_REFR_NUM	NULL	R	210_tu
210_tu	NP_215005.1	NP_215798.1	New	NOT_REFR_ORG	NOT_REFR_NUM	NULL	R	210_tu
210_tu	NP_215005.1	NP_215799.1	New	NOT_REFR_ORG	NOT_REFR_NUM	NULL	R	210_tu
743	NP_215005.1	NP_215800.1	Known	NOT_REFR_ORG	NOT_REFR_NUM	NULL	F	211_tu
2140	NP_215005.1	NP_215801.1	Known	NOT_REFR_ORG	NOT_REFR_NUM	NULL	F	212_tu
2141	NP_215005.1	NP_215802.1	Known	NOT_REFR_ORG	NOT_REFR_NUM	NULL	F	212_tu
212_tu	NP_215005.1	NP_215803.1	New	NOT_REFR_ORG	NOT_REFR_NUM	NULL	F	212_tu
212_tu	NP_215005.1	NP_215804.1	New	NOT_REFR_ORG	NOT_REFR_NUM	NULL	F	212_tu
212_tu	NP_215005.1	NP_215805.1	New	NOT_REFR_ORG	NOT_REFR_NUM	NULL	F	212_tu
2208	NP_215005.1	NP_215845.1	Known	NOT_REFR_ORG	NOT_REFR_NUM	NULL	R	213_tu
806	NP_215005.1	NP_215846.2	Known	NOT_REFR_ORG	NOT_REFR_NUM	NULL	R	213_tu
2148	NP_215005.1	NP_215860.1	Known	NOT_REFR_ORG	NOT_REFR_NUM	NULL	F	214_tu
2149	NP_215005.1	NP_215861.1	Known	NOT_REFR_ORG	NOT_REFR_NUM	NULL	F	214_tu
757	NP_215005.1	NP_215862.1	Known	NOT_REFR_ORG	NOT_REFR_NUM	NULL	F	214_tu
764	NP_215005.1	NP_215871.1	Known	NOT_REFR_ORG	NOT_REFR_NUM	NULL	NOT_STRAND	NOT_TU_REFER
19_new	NP_215005.1	NP_215936.1	New	Salmon	2728	1	NOT_STRAND	NOT_TU_REFER
784	NP_215005.1	NP_215949.1	Known	NOT_REFR_ORG	NOT_REFR_NUM	NULL	F	215_tu
2178	NP_215005.1	NP_215950.1	Known	NOT_REFR_ORG	NOT_REFR_NUM	NULL	F	215_tu
20_new	NP_215005.1	NP_215963.1	New	Salmon	2725	1	NOT_STRAND	NOT_TU_REFER
21_new	NP_215005.1	NP_215965.1	New	Ecoli	3266	1	NOT_STRAND	NOT_TU_REFER
785	NP_215005.1	NP_215973.1	Known	NOT_REFR_ORG	NOT_REFR_NUM	NULL	R	216_tu
2179	NP_215005.1	NP_215974.1	Known	NOT_REFR_ORG	NOT_REFR_NUM	NULL	R	216_tu
2135	NP_215005.1	NP_215985.1	Known	NOT_REFR_ORG	NOT_REFR_NUM	NULL	F	217_tu
729	NP_215005.1	NP_215986.1	Known	NOT_REFR_ORG	NOT_REFR_NUM	NULL	F	217_tu
217_tu	NP_215005.1	NP_215988.1	New	NOT_REFR_ORG	NOT_REFR_NUM	NULL	F	217_tu
217_tu	NP_215005.1	NP_215989.1	New	NOT_REFR_ORG	NOT_REFR_NUM	NULL	F	217_tu
782	NP_215005.1	NP_216034.1	Known	NOT_REFR_ORG	NOT_REFR_NUM	NULL	NOT_STRAND	NOT_TU_REFER
807	NP_215005.1	NP_216108.1	Known	NOT_REFR_ORG	NOT_REFR_NUM	NULL	R	218_tu
2132	NP_215005.1	NP_216137.1	Known	NOT_REFR_ORG	NOT_REFR_NUM	NULL	NOT_STRAND	NOT_TU_REFER
727	NP_215005.1	NP_216138.1	Known	NOT_REFR_ORG	NOT_REFR_NUM	NULL	R	219_tu
1821	NP_215005.1	NP_216194.1	Known	NOT_REFR_ORG	NOT_REFR_NUM	NULL	F	220_tu
1822	NP_215005.1	NP_216195.1	Known	NOT_REFR_ORG	NOT_REFR_NUM	NULL	F	220_tu
36	NP_215005.1	NP_216196.1	Known	NOT_REFR_ORG	NOT_REFR_NUM	NULL	F	220_tu
220_tu	NP_215005.1	NP_216197.1	New	NOT_REFR_ORG	NOT_REFR_NUM	NULL	F	220_tu
2192	NP_215005.1	NP_216224.1	Known	NOT_REFR_ORG	NOT_REFR_NUM	NULL	NOT_STRAND	NOT_TU_REFER
2193	NP_215005.1	NP_216225.1	Known	NOT_REFR_ORG	NOT_REFR_NUM	NULL	NOT_STRAND	NOT_TU_REFER
2194	NP_215005.1	NP_216226.1	Known	NOT_REFR_ORG	NOT_REFR_NUM	NULL	NOT_STRAND	NOT_TU_REFER
2195	NP_215005.1	NP_216227.1	Known	NOT_REFR_ORG	NOT_REFR_NUM	NULL	NOT_STRAND	NOT_TU_REFER
2196	NP_215005.1	NP_216228.1	Known	NOT_REFR_ORG	NOT_REFR_NUM	NULL	NOT_STRAND	NOT_TU_REFER
801	NP_215005.1	NP_216229.1	Known	NOT_REFR_ORG	NOT_REFR_NUM	NULL	NOT_STRAND	NOT_TU_REFER
760	NP_215005.1	NP_216230.1	Known	NOT_REFR_ORG	NOT_REFR_NUM	NULL	F	221_tu
2152	NP_215005.1	NP_216232.1	Known	NOT_REFR_ORG	NOT_REFR_NUM	NULL	F	221_tu
2153	NP_215005.1	NP_216233.1	Known	NOT_REFR_ORG	NOT_REFR_NUM	NULL	F	221_tu
221_tu	NP_215005.1	NP_216234.1	New	NOT_REFR_ORG	NOT_REFR_NUM	NULL	F	221_tu
221_tu	NP_215005.1	NP_216235.1	New	NOT_REFR_ORG	NOT_REFR_NUM	NULL	F	221_tu
761	NP_215005.1	NP_216328.1	Known	NOT_REFR_ORG	NOT_REFR_NUM	NULL	R	222_tu
820	NP_215005.1	NP_216407.1	Known	NOT_REFR_ORG	NOT_REFR_NUM	NULL	F	223_tu
2217	NP_215005.1	NP_216408.1	Known	NOT_REFR_ORG	NOT_REFR_NUM	NULL	F	223_tu
2218	NP_215005.1	NP_216409.1	Known	NOT_REFR_ORG	NOT_REFR_NUM	NULL	F	223_tu
808	NP_215005.1	NP_216458.1	Known	NOT_REFR_ORG	NOT_REFR_NUM	NULL	R	224_tu
224_tu	NP_215005.1	NP_216459.1	New	NOT_REFR_ORG	NOT_REFR_NUM	NULL	R	224_tu
224_tu	NP_215005.1	NP_216460.1	New	NOT_REFR_ORG	NOT_REFR_NUM	NULL	R	224_tu
22_new	NP_215005.1	NP_216501.1	New	Ecoli	3221	1	R	225_tu
2137	NP_215005.1	NP_216505.1	Known	NOT_REFR_ORG	NOT_REFR_NUM	NULL	R	226_tu
731	NP_215005.1	NP_216506.1	Known	NOT_REFR_ORG	NOT_REFR_NUM	NULL	R	226_tu
744	NP_215005.1	NP_216512.1	Known	NOT_REFR_ORG	NOT_REFR_NUM	NULL	F	227_tu
2180	NP_215005.1	NP_216555.1	Known	NOT_REFR_ORG	NOT_REFR_NUM	NULL	NOT_STRAND	NOT_TU_REFER
786	NP_215005.1	NP_216556.1	Known	Ecoli,Ecoli,Salmon	3267,3268,262	2	NOT_STRAND	NOT_TU_REFER
24_new	NP_215005.1	NP_216585.1	New	Salmon	394	1	F	228_tu
25_new	NP_215005.1	NP_216666.1	New	Bacsu	977	1	NOT_STRAND	NOT_TU_REFER
2155	NP_215005.1	NP_216759.1	Known	NOT_REFR_ORG	NOT_REFR_NUM	NULL	F	229_tu
765	NP_215005.1	NP_216760.1	Known	NOT_REFR_ORG	NOT_REFR_NUM	NULL	F	230_tu
2156	NP_215005.1	NP_216761.1	Known	NOT_REFR_ORG	NOT_REFR_NUM	NULL	F	230_tu
2157	NP_215005.1	NP_216762.1	Known	NOT_REFR_ORG	NOT_REFR_NUM	NULL	F	230_tu
2158	NP_215005.1	NP_216763.1	Known	NOT_REFR_ORG	NOT_REFR_NUM	NULL	F	230_tu
817	NP_215005.1	NP_216790.1	Known	NOT_REFR_ORG	NOT_REFR_NUM	NULL	R	231_tu
769	NP_215005.1	NP_216824.1	Known	NOT_REFR_ORG	NOT_REFR_NUM	NULL	F	232_tu
748	NP_215005.1	NP_216853.1	Known	NOT_REFR_ORG	NOT_REFR_NUM	NULL	R	233_tu
1823	NP_215005.1	NP_216882.1	Known	NOT_REFR_ORG	NOT_REFR_NUM	NULL	NOT_STRAND	NOT_TU_REFER
1824	NP_215005.1	NP_216883.1	Known	NOT_REFR_ORG	NOT_REFR_NUM	NULL	NOT_STRAND	NOT_TU_REFER
735	NP_215005.1	NP_216940.1	Known	NOT_REFR_ORG	NOT_REFR_NUM	NULL	R	234_tu
789	NP_215005.1	NP_216944.1	Known	NOT_REFR_ORG	NOT_REFR_NUM	NULL	F	235_tu
790	NP_215005.1	NP_216945.1	Known	NOT_REFR_ORG	NOT_REFR_NUM	NULL	F	235_tu
768	NP_215005.1	NP_217004.1	Known	NOT_REFR_ORG	NOT_REFR_NUM	NULL	R	236_tu
236_tu	NP_215005.1	NP_217005.1	New	NOT_REFR_ORG	NOT_REFR_NUM	NULL	R	236_tu
2175	NP_215005.1	NP_217109.1	Known	NOT_REFR_ORG	NOT_REFR_NUM	NULL	NOT_STRAND	NOT_TU_REFER
776	NP_215005.1	NP_217110.1	Known	NOT_REFR_ORG	NOT_REFR_NUM	NULL	NOT_STRAND	NOT_TU_REFER
745	NP_215005.1	NP_217142.1	Known	NOT_REFR_ORG	NOT_REFR_NUM	NULL	NOT_STRAND	NOT_TU_REFER
2142	NP_215005.1	NP_217148.1	Known	NOT_REFR_ORG	NOT_REFR_NUM	NULL	R	237_tu
749	NP_215005.1	NP_217149.1	Known	NOT_REFR_ORG	NOT_REFR_NUM	NULL	R	238_tu
746	NP_215005.1	NP_217154.1	Known	NOT_REFR_ORG	NOT_REFR_NUM	NULL	F	239_tu
736	NP_215005.1	NP_217163.2	Known	NOT_REFR_ORG	NOT_REFR_NUM	NULL	NOT_STRAND	NOT_TU_REFER
795	NP_215005.1	NP_217166.1	Known	NOT_REFR_ORG	NOT_REFR_NUM	NULL	R	240_tu
2184	NP_215005.1	NP_217167.1	Known	NOT_REFR_ORG	NOT_REFR_NUM	NULL	R	240_tu
2185	NP_215005.1	NP_217168.1	Known	NOT_REFR_ORG	NOT_REFR_NUM	NULL	R	241_tu
241_tu	NP_215005.1	NP_217169.1	New	NOT_REFR_ORG	NOT_REFR_NUM	NULL	R	241_tu
747	NP_215005.1	NP_217184.1	Known	NOT_REFR_ORG	NOT_REFR_NUM	NULL	F	242_tu
732	NP_215005.1	NP_217185.1	Known	NOT_REFR_ORG	NOT_REFR_NUM	NULL	F	242_tu
2211	NP_215005.1	NP_217202.1	Known	NOT_REFR_ORG	NOT_REFR_NUM	NULL	R	243_tu
814	NP_215005.1	NP_217203.1	Known	NOT_REFR_ORG	NOT_REFR_NUM	NULL	R	243_tu
2212	NP_215005.1	NP_217204.1	Known	NOT_REFR_ORG	NOT_REFR_NUM	NULL	R	243_tu
809	NP_215005.1	NP_217273.1	Known	NOT_REFR_ORG	NOT_REFR_NUM	NULL	R	244_tu
244_tu	NP_215005.1	NP_217274.1	New	NOT_REFR_ORG	NOT_REFR_NUM	NULL	R	244_tu
244_tu	NP_215005.1	NP_217275.1	New	NOT_REFR_ORG	NOT_REFR_NUM	NULL	R	244_tu
810	NP_215005.1	NP_217276.1	Known	NOT_REFR_ORG	NOT_REFR_NUM	NULL	R	244_tu
244_tu	NP_215005.1	NP_217277.1	New	NOT_REFR_ORG	NOT_REFR_NUM	NULL	R	244_tu
244_tu	NP_215005.1	NP_217278.1	New	NOT_REFR_ORG	NOT_REFR_NUM	NULL	R	244_tu
726	NP_215005.1	NP_217296.1	Known	NOT_REFR_ORG	NOT_REFR_NUM	NULL	F	245_tu
2176	NP_215005.1	NP_217298.1	Known	NOT_REFR_ORG	NOT_REFR_NUM	NULL	NOT_STRAND	NOT_TU_REFER
779	NP_215005.1	NP_217299.1	Known	NOT_REFR_ORG	NOT_REFR_NUM	NULL	NOT_STRAND	NOT_TU_REFER
26_new	NP_215005.1	NP_217349.1	New	Ecoli,Ecoli,Salmon	3269,3270,263	2	NOT_STRAND	NOT_TU_REFER
2181	NP_215005.1	NP_217350.1	Known	Ecoli,Ecoli,Salmon	3273,3274,261	2	NOT_STRAND	NOT_TU_REFER
787	NP_215005.1	NP_217351.1	Known	NOT_REFR_ORG	NOT_REFR_NUM	NULL	NOT_STRAND	NOT_TU_REFER
2209	NP_215005.1	NP_217381.1	Known	NOT_REFR_ORG	NOT_REFR_NUM	NULL	F	246_tu
811	NP_215005.1	NP_217382.1	Known	NOT_REFR_ORG	NOT_REFR_NUM	NULL	F	246_tu
28_new	NP_215005.1	NP_217492.1	New	Salmon	395	1	R	247_tu
247_tu	NP_215005.1	NP_217493.1	New	NOT_REFR_ORG	NOT_REFR_NUM	NULL	R	247_tu
247_tu	NP_215005.1	NP_217494.1	New	NOT_REFR_ORG	NOT_REFR_NUM	NULL	R	247_tu
247_tu	NP_215005.1	NP_217495.1	New	NOT_REFR_ORG	NOT_REFR_NUM	NULL	R	247_tu
2154	NP_215005.1	NP_217503.1	Known	NOT_REFR_ORG	NOT_REFR_NUM	NULL	R	248_tu
762	NP_215005.1	NP_217504.1	Known	NOT_REFR_ORG	NOT_REFR_NUM	NULL	R	248_tu
2190	NP_215005.1	NP_217535.1	Known	NOT_REFR_ORG	NOT_REFR_NUM	NULL	R	249_tu
793	NP_215005.1	NP_217539.1	Known	NOT_REFR_ORG	NOT_REFR_NUM	NULL	R	250_tu
791	NP_215005.1	NP_217616.1	Known	NOT_REFR_ORG	NOT_REFR_NUM	NULL	NOT_STRAND	NOT_TU_REFER
2182	NP_215005.1	NP_217617.1	Known	NOT_REFR_ORG	NOT_REFR_NUM	NULL	NOT_STRAND	NOT_TU_REFER
2183	NP_215005.1	NP_217618.1	Known	NOT_REFR_ORG	NOT_REFR_NUM	NULL	NOT_STRAND	NOT_TU_REFER
1085	NP_215005.1	NP_217648.1	Known	NOT_REFR_ORG	NOT_REFR_NUM	NULL	R	251_tu
1086	NP_215005.1	NP_217649.1	Known	NOT_REFR_ORG	NOT_REFR_NUM	NULL	R	251_tu
1087	NP_215005.1	NP_217650.1	Known	NOT_REFR_ORG	NOT_REFR_NUM	NULL	R	251_tu
2150	NP_215005.1	NP_217655.1	Known	NOT_REFR_ORG	NOT_REFR_NUM	NULL	F	252_tu
758	NP_215005.1	NP_217656.1	Known	NOT_REFR_ORG	NOT_REFR_NUM	NULL	F	252_tu
2159	NP_215005.1	NP_217747.1	Known	NOT_REFR_ORG	NOT_REFR_NUM	NULL	R	253_tu
29_new	NP_215005.1	NP_217763.1	New	Bacsu	2033	1	NOT_STRAND	NOT_TU_REFER
1089	NP_215005.1	NP_217766.1	Known	NOT_REFR_ORG	NOT_REFR_NUM	NULL	R	254_tu
1090	NP_215005.1	NP_217767.1	Known	NOT_REFR_ORG	NOT_REFR_NUM	NULL	R	254_tu
1091	NP_215005.1	NP_217768.1	Known	NOT_REFR_ORG	NOT_REFR_NUM	NULL	R	254_tu
1092	NP_215005.1	NP_217769.1	Known	NOT_REFR_ORG	NOT_REFR_NUM	NULL	R	254_tu
800	NP_215005.1	NP_217827.1	Known	NOT_REFR_ORG	NOT_REFR_NUM	NULL	F	255_tu
255_tu	NP_215005.1	NP_217828.1	New	NOT_REFR_ORG	NOT_REFR_NUM	NULL	F	255_tu
812	NP_215005.1	NP_217870.2	Known	NOT_REFR_ORG	NOT_REFR_NUM	NULL	R	256_tu
1093	NP_215005.1	NP_217934.1	Known	NOT_REFR_ORG	NOT_REFR_NUM	NULL	R	257_tu
1094	NP_215005.1	NP_217935.1	Known	NOT_REFR_ORG	NOT_REFR_NUM	NULL	R	258_tu
780	NP_215005.1	NP_217936.1	Known	NOT_REFR_ORG	NOT_REFR_NUM	NULL	R	259_tu
259_tu	NP_215005.1	NP_217937.1	New	NOT_REFR_ORG	NOT_REFR_NUM	NULL	R	259_tu
259_tu	NP_215005.1	NP_217938.1	New	NOT_REFR_ORG	NOT_REFR_NUM	NULL	R	259_tu
259_tu	NP_215005.1	NP_217939.1	New	NOT_REFR_ORG	NOT_REFR_NUM	NULL	R	259_tu
259_tu	NP_215005.1	NP_217940.1	New	NOT_REFR_ORG	NOT_REFR_NUM	NULL	R	259_tu
1095	NP_215005.1	NP_218054.1	Known	NOT_REFR_ORG	NOT_REFR_NUM	NULL	F	260_tu
2143	NP_215005.1	NP_218088.1	Known	NOT_REFR_ORG	NOT_REFR_NUM	NULL	F	261_tu
750	NP_215005.1	NP_218089.1	Known	NOT_REFR_ORG	NOT_REFR_NUM	NULL	F	261_tu
2210	NP_215005.1	NP_218102.1	Known	NOT_REFR_ORG	NOT_REFR_NUM	NULL	NOT_STRAND	NOT_TU_REFER
813	NP_215005.1	NP_218103.1	Known	NOT_REFR_ORG	NOT_REFR_NUM	NULL	NOT_STRAND	NOT_TU_REFER
815	NP_215005.1	NP_218104.1	Known	NOT_REFR_ORG	NOT_REFR_NUM	NULL	R	262_tu
777	NP_215005.1	NP_218161.1	Known	NOT_REFR_ORG	NOT_REFR_NUM	NULL	R	263_tu
739	NP_215005.1	NP_218177.1	Known	NOT_REFR_ORG	NOT_REFR_NUM	NULL	R	264_tu
778	NP_215005.1	NP_218228.1	Known	NOT_REFR_ORG	NOT_REFR_NUM	NULL	R	265_tu
753	NP_215005.1	NP_218266.1	Known	NOT_REFR_ORG	NOT_REFR_NUM	NULL	R	266_tu
737	NP_215005.1	NP_218267.1	Known	NOT_REFR_ORG	NOT_REFR_NUM	NULL	R	266_tu
734	NP_215005.1	NP_218363.1	Known	NOT_REFR_ORG	NOT_REFR_NUM	NULL	F	267_tu
2213	NP_215005.1	NP_218377.1	Known	NOT_REFR_ORG	NOT_REFR_NUM	NULL	F	268_tu
818	NP_215005.1	NP_218378.1	Known	NOT_REFR_ORG	NOT_REFR_NUM	NULL	F	268_tu
754	NP_215005.1	NP_218407.1	Known	NOT_REFR_ORG	NOT_REFR_NUM	NULL	R	269_tu
2144	NP_215005.1	NP_218408.1	Known	NOT_REFR_ORG	NOT_REFR_NUM	NULL	R	269_tu
231_tu	NP_215005.1	YP_007410963.1	New	NOT_REFR_ORG	NOT_REFR_NUM	NULL	R	231_tu
232_tu	NP_215005.1	YP_009030038.1	New	NOT_REFR_ORG	NOT_REFR_NUM	NULL	F	232_tu
2170	NP_215005.1	YP_177688.1	Known	NOT_REFR_ORG	NOT_REFR_NUM	NULL	F	178_tu
738	NP_215005.1	YP_177690.1	Known	NOT_REFR_ORG	NOT_REFR_NUM	NULL	F	270_tu
767	NP_215005.1	YP_177694.1	Known	NOT_REFR_ORG	NOT_REFR_NUM	NULL	R	271_tu
2199	NP_215005.1	YP_177710.1	Known	NOT_REFR_ORG	NOT_REFR_NUM	NULL	F	184_tu
2200	NP_215005.1	YP_177711.1	Known	NOT_REFR_ORG	NOT_REFR_NUM	NULL	F	184_tu
1083	NP_215005.1	YP_177719.1	Known	NOT_REFR_ORG	NOT_REFR_NUM	NULL	F	187_tu
2186	NP_215005.1	YP_177765.1	Known	NOT_REFR_ORG	NOT_REFR_NUM	NULL	R	272_tu
796	NP_215005.1	YP_177766.1	Known	NOT_REFR_ORG	NOT_REFR_NUM	NULL	R	272_tu
31	NP_215005.1	YP_177770.1	Known	Ecoli,Salmon	3263,264	2	F	200_tu
32	NP_215005.1	YP_177771.1	Known	NOT_REFR_ORG	NOT_REFR_NUM	NULL	F	200_tu
2138	NP_215005.1	YP_177784.1	Known	NOT_REFR_ORG	NOT_REFR_NUM	NULL	F	273_tu
797	NP_215005.1	YP_177794.1	Known	NOT_REFR_ORG	NOT_REFR_NUM	NULL	F	274_tu
2187	NP_215005.1	YP_177795.1	Known	NOT_REFR_ORG	NOT_REFR_NUM	NULL	F	274_tu
31_new	NP_215005.1	YP_177808.1	New	Ecoli	3233	1	F	275_tu
2136	NP_215005.1	YP_177815.1	Known	NOT_REFR_ORG	NOT_REFR_NUM	NULL	F	217_tu
2133	NP_215005.1	YP_177824.1	Known	NOT_REFR_ORG	NOT_REFR_NUM	NULL	R	219_tu
2151	NP_215005.1	YP_177829.1	Known	NOT_REFR_ORG	NOT_REFR_NUM	NULL	F	221_tu
37	NP_215005.1	YP_177874.1	Known	NOT_REFR_ORG	NOT_REFR_NUM	NULL	NOT_STRAND	NOT_TU_REFER
799	NP_215005.1	YP_177881.1	Known	NOT_REFR_ORG	NOT_REFR_NUM	NULL	R	276_tu
2191	NP_215005.1	YP_177882.1	Known	NOT_REFR_ORG	NOT_REFR_NUM	NULL	R	276_tu
798	NP_215005.1	YP_177919.1	Known	NOT_REFR_ORG	NOT_REFR_NUM	NULL	R	249_tu
1088	NP_215005.1	YP_177940.1	Known	NOT_REFR_ORG	NOT_REFR_NUM	NULL	R	277_tu
766	NP_215005.1	YP_177948.1	Known	NOT_REFR_ORG	NOT_REFR_NUM	NULL	R	278_tu
1096	NP_215005.1	YP_177986.1	Known	NOT_REFR_ORG	NOT_REFR_NUM	NULL	F	260_tu
38	NP_215008.2	NP_214658.1	Known	NOT_REFR_ORG	NOT_REFR_NUM	NULL	F	279_tu
1825	NP_215008.2	NP_214681.1	Known	NOT_REFR_ORG	NOT_REFR_NUM	NULL	F	280_tu
1826	NP_215008.2	NP_214682.1	Known	NOT_REFR_ORG	NOT_REFR_NUM	NULL	F	280_tu
1828	NP_215008.2	NP_214684.1	Known	NOT_REFR_ORG	NOT_REFR_NUM	NULL	F	280_tu
1829	NP_215008.2	NP_214685.1	Known	NOT_REFR_ORG	NOT_REFR_NUM	NULL	F	280_tu
1830	NP_215008.2	NP_214686.1	Known	NOT_REFR_ORG	NOT_REFR_NUM	NULL	F	280_tu
39	NP_215008.2	NP_214687.1	Known	NOT_REFR_ORG	NOT_REFR_NUM	NULL	F	280_tu
1831	NP_215008.2	NP_214688.1	Known	NOT_REFR_ORG	NOT_REFR_NUM	NULL	F	280_tu
1832	NP_215008.2	NP_214689.3	Known	NOT_REFR_ORG	NOT_REFR_NUM	NULL	F	280_tu
1833	NP_215008.2	NP_214690.1	Known	NOT_REFR_ORG	NOT_REFR_NUM	NULL	F	280_tu
1834	NP_215008.2	NP_214691.1	Known	NOT_REFR_ORG	NOT_REFR_NUM	NULL	F	280_tu
1835	NP_215008.2	NP_214692.1	Known	NOT_REFR_ORG	NOT_REFR_NUM	NULL	F	280_tu
32_new	NP_215008.2	NP_214906.1	New	Ecoli,Salmon	3204,1001	2	R	281_tu
33_new	NP_215008.2	NP_214976.1	New	Ecoli	3195	1	NOT_STRAND	NOT_TU_REFER
40	NP_215008.2	NP_215008.2	Known	Bacsu,Ecoli,Salmon	2704,3205,989	3	F	282_tu
35_new	NP_215008.2	NP_215038.1	New	Ecoli,Salmon	3193,992	2	F	283_tu
283_tu	NP_215008.2	NP_215039.1	New	NOT_REFR_ORG	NOT_REFR_NUM	NULL	F	283_tu
283_tu	NP_215008.2	NP_215040.1	New	NOT_REFR_ORG	NOT_REFR_NUM	NULL	F	283_tu
283_tu	NP_215008.2	NP_215041.2	New	NOT_REFR_ORG	NOT_REFR_NUM	NULL	F	283_tu
283_tu	NP_215008.2	NP_215042.1	New	NOT_REFR_ORG	NOT_REFR_NUM	NULL	F	283_tu
283_tu	NP_215008.2	NP_215044.1	New	NOT_REFR_ORG	NOT_REFR_NUM	NULL	F	283_tu
41	NP_215008.2	NP_215086.1	Known	NOT_REFR_ORG	NOT_REFR_NUM	NULL	R	284_tu
36_new	NP_215008.2	NP_215773.1	New	Ecoli	3188	1	R	285_tu
285_tu	NP_215008.2	NP_215774.1	New	NOT_REFR_ORG	NOT_REFR_NUM	NULL	R	285_tu
37_new	NP_215008.2	NP_215967.1	New	Ecoli,Salmon	3173,993	2	F	286_tu
38_new	NP_215008.2	NP_216353.1	New	Ecoli	3187	1	R	287_tu
39_new	NP_215008.2	NP_216666.1	New	Ecoli	3185	1	NOT_STRAND	NOT_TU_REFER
40_new	NP_215008.2	NP_216668.1	New	Ecoli	3199	1	NOT_STRAND	NOT_TU_REFER
41_new	NP_215008.2	NP_216669.1	New	Ecoli,Salmon	3203,988	2	NOT_STRAND	NOT_TU_REFER
42_new	NP_215008.2	NP_216671.3	New	Ecoli,Salmon	3200,986	2	NOT_STRAND	NOT_TU_REFER
43_new	NP_215008.2	NP_216672.1	New	Ecoli,Salmon	3197,985	2	NOT_STRAND	NOT_TU_REFER
44_new	NP_215008.2	NP_216673.1	New	Ecoli,Salmon	3202,984	2	NOT_STRAND	NOT_TU_REFER
45_new	NP_215008.2	NP_216674.1	New	Ecoli,Salmon	3201,983	2	NOT_STRAND	NOT_TU_REFER
46_new	NP_215008.2	NP_216679.1	New	Ecoli,Salmon	3181,982	2	R	288_tu
288_tu	NP_215008.2	NP_216680.1	New	NOT_REFR_ORG	NOT_REFR_NUM	NULL	R	288_tu
47_new	NP_215008.2	NP_216681.4	New	Ecoli,Salmon	3206,980	2	R	288_tu
48_new	NP_215008.2	NP_216682.1	New	Ecoli,Salmon	3198,979	2	R	288_tu
49_new	NP_215008.2	NP_216709.1	New	Ecoli,Salmon	3171,995	2	F	289_tu
289_tu	NP_215008.2	NP_216710.1	New	NOT_REFR_ORG	NOT_REFR_NUM	NULL	F	289_tu
289_tu	NP_215008.2	NP_216711.1	New	NOT_REFR_ORG	NOT_REFR_NUM	NULL	F	289_tu
289_tu	NP_215008.2	NP_216712.1	New	NOT_REFR_ORG	NOT_REFR_NUM	NULL	F	289_tu
50_new	NP_215008.2	NP_216734.1	New	Salmon	1000	1	NOT_STRAND	NOT_TU_REFER
51_new	NP_215008.2	NP_216757.3	New	Ecoli,Salmon	3167,990	2	F	290_tu
290_tu	NP_215008.2	NP_216758.1	New	NOT_REFR_ORG	NOT_REFR_NUM	NULL	F	290_tu
52_new	NP_215008.2	NP_217559.1	New	Ecoli,Salmon	3170,996	2	NOT_STRAND	NOT_TU_REFER
1827	NP_215008.2	YP_177701.1	Known	NOT_REFR_ORG	NOT_REFR_NUM	NULL	F	280_tu
283_tu	NP_215008.2	YP_177735.1	New	NOT_REFR_ORG	NOT_REFR_NUM	NULL	F	283_tu
1648	NP_215090.1	NP_215090.1	Known	NOT_REFR_ORG	NOT_REFR_NUM	NULL	F	291_tu
1649	NP_215090.1	NP_215091.1	Known	NOT_REFR_ORG	NOT_REFR_NUM	NULL	F	291_tu
847	NP_215100.1	NP_215100.1	Known	NOT_REFR_ORG	NOT_REFR_NUM	NULL	F	292_tu
848	NP_215100.1	NP_215101.1	Known	NOT_REFR_ORG	NOT_REFR_NUM	NULL	F	292_tu
849	NP_215100.1	NP_215102.1	Known	NOT_REFR_ORG	NOT_REFR_NUM	NULL	F	292_tu
852	NP_215100.1	NP_215105.1	Known	NOT_REFR_ORG	NOT_REFR_NUM	NULL	F	293_tu
853	NP_215100.1	NP_215106.1	Known	NOT_REFR_ORG	NOT_REFR_NUM	NULL	F	293_tu
2220	NP_215100.1	NP_215107.1	Known	NOT_REFR_ORG	NOT_REFR_NUM	NULL	F	293_tu
854	NP_215100.1	NP_215108.1	Known	NOT_REFR_ORG	NOT_REFR_NUM	NULL	F	293_tu
851	NP_215100.1	NP_215184.1	Known	NOT_REFR_ORG	NOT_REFR_NUM	NULL	F	294_tu
855	NP_215100.1	NP_215185.1	Known	NOT_REFR_ORG	NOT_REFR_NUM	NULL	F	294_tu
856	NP_215100.1	NP_215186.1	Known	NOT_REFR_ORG	NOT_REFR_NUM	NULL	F	294_tu
857	NP_215100.1	NP_215187.1	Known	NOT_REFR_ORG	NOT_REFR_NUM	NULL	F	294_tu
858	NP_215100.1	NP_215188.1	Known	NOT_REFR_ORG	NOT_REFR_NUM	NULL	F	294_tu
1836	NP_215100.1	NP_215374.1	Known	NOT_REFR_ORG	NOT_REFR_NUM	NULL	F	295_tu
42	NP_215100.1	NP_215375.1	Known	NOT_REFR_ORG	NOT_REFR_NUM	NULL	F	295_tu
43	NP_215100.1	NP_215590.1	Known	NOT_REFR_ORG	NOT_REFR_NUM	NULL	R	296_tu
296_tu	NP_215100.1	NP_215591.1	New	NOT_REFR_ORG	NOT_REFR_NUM	NULL	R	296_tu
850	NP_215100.1	YP_177740.1	Known	NOT_REFR_ORG	NOT_REFR_NUM	NULL	F	292_tu
859	NP_215100.1	YP_177745.1	Known	NOT_REFR_ORG	NOT_REFR_NUM	NULL	F	294_tu
53_new	NP_215116.1	NP_214836.1	New	Salmon	2768	1	F	297_tu
54_new	NP_215116.1	NP_215116.1	New	Ecoli,Ecoli,Pseudo	1192,2222,432	2	NOT_STRAND	NOT_TU_REFER
55_new	NP_215116.1	NP_215496.2	New	Salmon	2786	1	F	298_tu
298_tu	NP_215116.1	NP_215497.1	New	NOT_REFR_ORG	NOT_REFR_NUM	NULL	F	298_tu
298_tu	NP_215116.1	NP_215498.1	New	NOT_REFR_ORG	NOT_REFR_NUM	NULL	F	298_tu
298_tu	NP_215116.1	NP_215499.1	New	NOT_REFR_ORG	NOT_REFR_NUM	NULL	F	298_tu
56_new	NP_215116.1	NP_215967.1	New	Ecoli,Ecoli	1198,2228	1	F	299_tu
57_new	NP_215116.1	NP_216709.1	New	Ecoli,Ecoli	1196,2226	1	F	300_tu
300_tu	NP_215116.1	NP_216710.1	New	NOT_REFR_ORG	NOT_REFR_NUM	NULL	F	300_tu
300_tu	NP_215116.1	NP_216711.1	New	NOT_REFR_ORG	NOT_REFR_NUM	NULL	F	300_tu
300_tu	NP_215116.1	NP_216712.1	New	NOT_REFR_ORG	NOT_REFR_NUM	NULL	F	300_tu
58_new	NP_215116.1	NP_217559.1	New	Ecoli,Ecoli	1195,2225	1	NOT_STRAND	NOT_TU_REFER
59_new	NP_215116.1	NP_218165.1	New	Salmon	2785	1	R	301_tu
60_new	NP_215165.1	NP_215165.1	New	Bacsu	2431	1	F	302_tu
61_new	NP_215165.1	NP_215166.1	New	Bacsu	2432	1	F	302_tu
62_new	NP_215186.1	NP_215186.1	New	Ecoli	36	1	NOT_STRAND	NOT_TU_REFER
44	NP_215249.1	NP_215249.1	Known	Pseudo,Pseudo,Pseudo,Pseudo,Pseudo	1082,1083,1084,1085,1086	1	F	303_tu
1837	NP_215249.1	NP_215250.1	Known	NOT_REFR_ORG	NOT_REFR_NUM	NULL	F	303_tu
45	NP_215249.1	NP_215655.1	Known	NOT_REFR_ORG	NOT_REFR_NUM	NULL	NOT_STRAND	NOT_TU_REFER
46	NP_215249.1	NP_216176.1	Known	NOT_REFR_ORG	NOT_REFR_NUM	NULL	F	304_tu
47	NP_215249.1	NP_217394.1	Known	NOT_REFR_ORG	NOT_REFR_NUM	NULL	R	305_tu
1838	NP_215249.1	YP_177912.1	Known	NOT_REFR_ORG	NOT_REFR_NUM	NULL	R	305_tu
662	NP_215271.1	NP_214556.1	Known	NOT_REFR_ORG	NOT_REFR_NUM	NULL	R	306_tu
632	NP_215271.1	NP_214630.1	Known	NOT_REFR_ORG	NOT_REFR_NUM	NULL	R	307_tu
555	NP_215271.1	NP_214700.1	Known	NOT_REFR_ORG	NOT_REFR_NUM	NULL	NOT_STRAND	NOT_TU_REFER
633	NP_215271.1	NP_214720.1	Known	NOT_REFR_ORG	NOT_REFR_NUM	NULL	R	308_tu
2097	NP_215271.1	NP_214721.1	Known	NOT_REFR_ORG	NOT_REFR_NUM	NULL	R	308_tu
2098	NP_215271.1	NP_214722.1	Known	NOT_REFR_ORG	NOT_REFR_NUM	NULL	R	308_tu
2104	NP_215271.1	NP_214726.1	Known	NOT_REFR_ORG	NOT_REFR_NUM	NULL	R	309_tu
663	NP_215271.1	NP_214727.1	Known	NOT_REFR_ORG	NOT_REFR_NUM	NULL	R	309_tu
557	NP_215271.1	NP_214764.1	Known	NOT_REFR_ORG	NOT_REFR_NUM	NULL	R	310_tu
558	NP_215271.1	NP_214765.1	Known	NOT_REFR_ORG	NOT_REFR_NUM	NULL	R	311_tu
2105	NP_215271.1	NP_214776.1	Known	NOT_REFR_ORG	NOT_REFR_NUM	NULL	R	312_tu
664	NP_215271.1	NP_214777.1	Known	NOT_REFR_ORG	NOT_REFR_NUM	NULL	R	312_tu
665	NP_215271.1	NP_214778.1	Known	NOT_REFR_ORG	NOT_REFR_NUM	NULL	R	312_tu
2106	NP_215271.1	NP_214795.1	Known	NOT_REFR_ORG	NOT_REFR_NUM	NULL	F	425_tu
668	NP_215271.1	NP_214855.1	Known	NOT_REFR_ORG	NOT_REFR_NUM	NULL	F	313_tu
313_tu	NP_215271.1	NP_214856.1	New	NOT_REFR_ORG	NOT_REFR_NUM	NULL	F	313_tu
313_tu	NP_215271.1	NP_214857.1	New	NOT_REFR_ORG	NOT_REFR_NUM	NULL	F	313_tu
669	NP_215271.1	NP_214918.1	Known	NOT_REFR_ORG	NOT_REFR_NUM	NULL	F	314_tu
670	NP_215271.1	NP_214919.1	Known	NOT_REFR_ORG	NOT_REFR_NUM	NULL	F	314_tu
559	NP_215271.1	NP_214954.1	Known	NOT_REFR_ORG	NOT_REFR_NUM	NULL	F	315_tu
561	NP_215271.1	NP_214982.1	Known	NOT_REFR_ORG	NOT_REFR_NUM	NULL	F	316_tu
671	NP_215271.1	NP_214999.1	Known	NOT_REFR_ORG	NOT_REFR_NUM	NULL	F	317_tu
317_tu	NP_215271.1	NP_215000.1	New	NOT_REFR_ORG	NOT_REFR_NUM	NULL	F	317_tu
317_tu	NP_215271.1	NP_215001.1	New	NOT_REFR_ORG	NOT_REFR_NUM	NULL	F	317_tu
672	NP_215271.1	NP_215033.1	Known	NOT_REFR_ORG	NOT_REFR_NUM	NULL	R	318_tu
673	NP_215271.1	NP_215098.1	Known	NOT_REFR_ORG	NOT_REFR_NUM	NULL	F	319_tu
674	NP_215271.1	NP_215111.1	Known	NOT_REFR_ORG	NOT_REFR_NUM	NULL	R	320_tu
675	NP_215271.1	NP_215137.1	Known	NOT_REFR_ORG	NOT_REFR_NUM	NULL	F	321_tu
321_tu	NP_215271.1	NP_215138.1	New	NOT_REFR_ORG	NOT_REFR_NUM	NULL	F	321_tu
2063	NP_215271.1	NP_215190.1	Known	NOT_REFR_ORG	NOT_REFR_NUM	NULL	R	322_tu
562	NP_215271.1	NP_215191.1	Known	NOT_REFR_ORG	NOT_REFR_NUM	NULL	R	322_tu
563	NP_215271.1	NP_215271.1	Known	NOT_REFR_ORG	NOT_REFR_NUM	NULL	F	323_tu
564	NP_215271.1	NP_215272.1	Known	NOT_REFR_ORG	NOT_REFR_NUM	NULL	F	323_tu
2107	NP_215271.1	NP_215276.1	Known	NOT_REFR_ORG	NOT_REFR_NUM	NULL	R	324_tu
2108	NP_215271.1	NP_215277.1	Known	NOT_REFR_ORG	NOT_REFR_NUM	NULL	R	324_tu
2109	NP_215271.1	NP_215278.1	Known	NOT_REFR_ORG	NOT_REFR_NUM	NULL	R	324_tu
2110	NP_215271.1	NP_215279.1	Known	NOT_REFR_ORG	NOT_REFR_NUM	NULL	R	324_tu
676	NP_215271.1	NP_215280.1	Known	NOT_REFR_ORG	NOT_REFR_NUM	NULL	R	324_tu
2111	NP_215271.1	NP_215281.1	Known	NOT_REFR_ORG	NOT_REFR_NUM	NULL	R	324_tu
2112	NP_215271.1	NP_215294.1	Known	NOT_REFR_ORG	NOT_REFR_NUM	NULL	F	325_tu
565	NP_215271.1	NP_215336.1	Known	NOT_REFR_ORG	NOT_REFR_NUM	NULL	R	326_tu
326_tu	NP_215271.1	NP_215337.1	New	NOT_REFR_ORG	NOT_REFR_NUM	NULL	R	326_tu
677	NP_215271.1	NP_215350.1	Known	NOT_REFR_ORG	NOT_REFR_NUM	NULL	F	327_tu
566	NP_215271.1	NP_215362.1	Known	NOT_REFR_ORG	NOT_REFR_NUM	NULL	F	328_tu
2065	NP_215271.1	NP_215364.1	Known	NOT_REFR_ORG	NOT_REFR_NUM	NULL	F	428_tu
678	NP_215271.1	NP_215477.1	Known	NOT_REFR_ORG	NOT_REFR_NUM	NULL	R	329_tu
634	NP_215271.1	NP_215479.1	Known	NOT_REFR_ORG	NOT_REFR_NUM	NULL	R	330_tu
567	NP_215271.1	NP_215482.1	Known	NOT_REFR_ORG	NOT_REFR_NUM	NULL	F	331_tu
568	NP_215271.1	NP_215483.1	Known	NOT_REFR_ORG	NOT_REFR_NUM	NULL	F	331_tu
2066	NP_215271.1	NP_215484.3	Known	NOT_REFR_ORG	NOT_REFR_NUM	NULL	F	331_tu
2067	NP_215271.1	NP_215485.1	Known	NOT_REFR_ORG	NOT_REFR_NUM	NULL	F	331_tu
679	NP_215271.1	NP_215520.1	Known	NOT_REFR_ORG	NOT_REFR_NUM	NULL	R	332_tu
681	NP_215271.1	NP_215591.1	Known	NOT_REFR_ORG	NOT_REFR_NUM	NULL	NOT_STRAND	NOT_TU_REFER
682	NP_215271.1	NP_215644.1	Known	NOT_REFR_ORG	NOT_REFR_NUM	NULL	R	333_tu
2113	NP_215271.1	NP_215645.1	Known	NOT_REFR_ORG	NOT_REFR_NUM	NULL	R	334_tu
683	NP_215271.1	NP_215646.1	Known	NOT_REFR_ORG	NOT_REFR_NUM	NULL	F	335_tu
684	NP_215271.1	NP_215647.1	Known	NOT_REFR_ORG	NOT_REFR_NUM	NULL	F	335_tu
335_tu	NP_215271.1	NP_215648.1	New	NOT_REFR_ORG	NOT_REFR_NUM	NULL	F	335_tu
685	NP_215271.1	NP_215664.1	Known	NOT_REFR_ORG	NOT_REFR_NUM	NULL	R	336_tu
635	NP_215271.1	NP_215695.1	Known	NOT_REFR_ORG	NOT_REFR_NUM	NULL	R	337_tu
569	NP_215271.1	NP_215696.1	Known	NOT_REFR_ORG	NOT_REFR_NUM	NULL	F	338_tu
2068	NP_215271.1	NP_215697.1	Known	NOT_REFR_ORG	NOT_REFR_NUM	NULL	F	338_tu
636	NP_215271.1	NP_215698.1	Known	NOT_REFR_ORG	NOT_REFR_NUM	NULL	F	338_tu
637	NP_215271.1	NP_215699.1	Known	NOT_REFR_ORG	NOT_REFR_NUM	NULL	F	338_tu
570	NP_215271.1	NP_215700.1	Known	NOT_REFR_ORG	NOT_REFR_NUM	NULL	R	339_tu
571	NP_215271.1	NP_215701.1	Known	NOT_REFR_ORG	NOT_REFR_NUM	NULL	R	340_tu
2100	NP_215271.1	NP_215713.1	Known	NOT_REFR_ORG	NOT_REFR_NUM	NULL	F	341_tu
2101	NP_215271.1	NP_215714.1	Known	NOT_REFR_ORG	NOT_REFR_NUM	NULL	F	341_tu
2069	NP_215271.1	NP_215732.1	Known	NOT_REFR_ORG	NOT_REFR_NUM	NULL	NOT_STRAND	NOT_TU_REFER
572	NP_215271.1	NP_215733.1	Known	NOT_REFR_ORG	NOT_REFR_NUM	NULL	NOT_STRAND	NOT_TU_REFER
573	NP_215271.1	NP_215734.1	Known	NOT_REFR_ORG	NOT_REFR_NUM	NULL	NOT_STRAND	NOT_TU_REFER
574	NP_215271.1	NP_215735.1	Known	NOT_REFR_ORG	NOT_REFR_NUM	NULL	NOT_STRAND	NOT_TU_REFER
2114	NP_215271.1	NP_215800.1	Known	NOT_REFR_ORG	NOT_REFR_NUM	NULL	F	342_tu
687	NP_215271.1	NP_215801.1	Known	NOT_REFR_ORG	NOT_REFR_NUM	NULL	F	343_tu
2115	NP_215271.1	NP_215802.1	Known	NOT_REFR_ORG	NOT_REFR_NUM	NULL	F	343_tu
343_tu	NP_215271.1	NP_215803.1	New	NOT_REFR_ORG	NOT_REFR_NUM	NULL	F	343_tu
343_tu	NP_215271.1	NP_215804.1	New	NOT_REFR_ORG	NOT_REFR_NUM	NULL	F	343_tu
343_tu	NP_215271.1	NP_215805.1	New	NOT_REFR_ORG	NOT_REFR_NUM	NULL	F	343_tu
639	NP_215271.1	NP_215818.1	Known	NOT_REFR_ORG	NOT_REFR_NUM	NULL	F	344_tu
688	NP_215271.1	NP_215951.1	Known	NOT_REFR_ORG	NOT_REFR_NUM	NULL	R	345_tu
689	NP_215271.1	NP_216021.1	Known	NOT_REFR_ORG	NOT_REFR_NUM	NULL	R	346_tu
2116	NP_215271.1	NP_216022.1	Known	NOT_REFR_ORG	NOT_REFR_NUM	NULL	R	346_tu
690	NP_215271.1	NP_216033.1	Known	NOT_REFR_ORG	NOT_REFR_NUM	NULL	F	347_tu
691	NP_215271.1	NP_216034.1	Known	NOT_REFR_ORG	NOT_REFR_NUM	NULL	F	347_tu
692	NP_215271.1	NP_216038.1	Known	NOT_REFR_ORG	NOT_REFR_NUM	NULL	R	348_tu
693	NP_215271.1	NP_216041.1	Known	NOT_REFR_ORG	NOT_REFR_NUM	NULL	NOT_STRAND	NOT_TU_REFER
694	NP_215271.1	NP_216043.1	Known	NOT_REFR_ORG	NOT_REFR_NUM	NULL	NOT_STRAND	NOT_TU_REFER
695	NP_215271.1	NP_216044.1	Known	NOT_REFR_ORG	NOT_REFR_NUM	NULL	R	349_tu
696	NP_215271.1	NP_216090.1	Known	NOT_REFR_ORG	NOT_REFR_NUM	NULL	F	350_tu
2117	NP_215271.1	NP_216091.2	Known	NOT_REFR_ORG	NOT_REFR_NUM	NULL	F	350_tu
697	NP_215271.1	NP_216131.1	Known	NOT_REFR_ORG	NOT_REFR_NUM	NULL	F	351_tu
2118	NP_215271.1	NP_216132.1	Known	NOT_REFR_ORG	NOT_REFR_NUM	NULL	F	351_tu
575	NP_215271.1	NP_216155.1	Known	NOT_REFR_ORG	NOT_REFR_NUM	NULL	R	423_tu
423_tu	NP_215271.1	NP_216156.1	New	NOT_REFR_ORG	NOT_REFR_NUM	NULL	R	423_tu
2070	NP_215271.1	NP_216201.1	Known	NOT_REFR_ORG	NOT_REFR_NUM	NULL	R	352_tu
2071	NP_215271.1	NP_216202.1	Known	NOT_REFR_ORG	NOT_REFR_NUM	NULL	R	352_tu
576	NP_215271.1	NP_216203.1	Known	NOT_REFR_ORG	NOT_REFR_NUM	NULL	R	353_tu
699	NP_215271.1	NP_216242.1	Known	NOT_REFR_ORG	NOT_REFR_NUM	NULL	F	354_tu
2119	NP_215271.1	NP_216243.1	Known	NOT_REFR_ORG	NOT_REFR_NUM	NULL	F	355_tu
577	NP_215271.1	NP_216328.1	Known	NOT_REFR_ORG	NOT_REFR_NUM	NULL	R	356_tu
2120	NP_215271.1	NP_216331.1	Known	NOT_REFR_ORG	NOT_REFR_NUM	NULL	F	357_tu
700	NP_215271.1	NP_216332.1	Known	NOT_REFR_ORG	NOT_REFR_NUM	NULL	F	357_tu
701	NP_215271.1	NP_216333.1	Known	NOT_REFR_ORG	NOT_REFR_NUM	NULL	F	358_tu
702	NP_215271.1	NP_216370.1	Known	NOT_REFR_ORG	NOT_REFR_NUM	NULL	R	359_tu
578	NP_215271.1	NP_216502.1	Known	NOT_REFR_ORG	NOT_REFR_NUM	NULL	F	360_tu
579	NP_215271.1	NP_216512.1	Known	NOT_REFR_ORG	NOT_REFR_NUM	NULL	F	361_tu
703	NP_215271.1	NP_216525.1	Known	NOT_REFR_ORG	NOT_REFR_NUM	NULL	F	362_tu
704	NP_215271.1	NP_216526.1	Known	NOT_REFR_ORG	NOT_REFR_NUM	NULL	F	362_tu
580	NP_215271.1	NP_216653.1	Known	NOT_REFR_ORG	NOT_REFR_NUM	NULL	NOT_STRAND	NOT_TU_REFER
705	NP_215271.1	NP_216681.4	Known	NOT_REFR_ORG	NOT_REFR_NUM	NULL	NOT_STRAND	NOT_TU_REFER
706	NP_215271.1	NP_216694.1	Known	NOT_REFR_ORG	NOT_REFR_NUM	NULL	R	363_tu
707	NP_215271.1	NP_216770.1	Known	NOT_REFR_ORG	NOT_REFR_NUM	NULL	R	364_tu
2102	NP_215271.1	NP_216804.1	Known	NOT_REFR_ORG	NOT_REFR_NUM	NULL	NOT_STRAND	NOT_TU_REFER
642	NP_215271.1	NP_216805.1	Known	NOT_REFR_ORG	NOT_REFR_NUM	NULL	NOT_STRAND	NOT_TU_REFER
708	NP_215271.1	NP_216815.1	Known	NOT_REFR_ORG	NOT_REFR_NUM	NULL	R	365_tu
581	NP_215271.1	NP_216845.1	Known	NOT_REFR_ORG	NOT_REFR_NUM	NULL	R	366_tu
643	NP_215271.1	NP_216847.1	Known	NOT_REFR_ORG	NOT_REFR_NUM	NULL	F	367_tu
644	NP_215271.1	NP_216848.2	Known	NOT_REFR_ORG	NOT_REFR_NUM	NULL	F	367_tu
582	NP_215271.1	NP_216892.1	Known	NOT_REFR_ORG	NOT_REFR_NUM	NULL	R	368_tu
583	NP_215271.1	NP_216905.1	Known	NOT_REFR_ORG	NOT_REFR_NUM	NULL	R	369_tu
584	NP_215271.1	NP_216906.1	Known	NOT_REFR_ORG	NOT_REFR_NUM	NULL	R	369_tu
585	NP_215271.1	NP_216907.1	Known	NOT_REFR_ORG	NOT_REFR_NUM	NULL	F	370_tu
586	NP_215271.1	NP_216908.1	Known	NOT_REFR_ORG	NOT_REFR_NUM	NULL	F	370_tu
587	NP_215271.1	NP_216909.1	Known	NOT_REFR_ORG	NOT_REFR_NUM	NULL	F	370_tu
2072	NP_215271.1	NP_216910.1	Known	NOT_REFR_ORG	NOT_REFR_NUM	NULL	F	370_tu
589	NP_215271.1	NP_217040.1	Known	NOT_REFR_ORG	NOT_REFR_NUM	NULL	R	371_tu
590	NP_215271.1	NP_217106.1	Known	NOT_REFR_ORG	NOT_REFR_NUM	NULL	F	372_tu
2073	NP_215271.1	NP_217135.1	Known	NOT_REFR_ORG	NOT_REFR_NUM	NULL	R	373_tu
2074	NP_215271.1	NP_217136.1	Known	NOT_REFR_ORG	NOT_REFR_NUM	NULL	R	373_tu
591	NP_215271.1	NP_217137.1	Known	NOT_REFR_ORG	NOT_REFR_NUM	NULL	R	373_tu
592	NP_215271.1	NP_217144.1	Known	NOT_REFR_ORG	NOT_REFR_NUM	NULL	F	374_tu
2075	NP_215271.1	NP_217145.1	Known	NOT_REFR_ORG	NOT_REFR_NUM	NULL	F	375_tu
593	NP_215271.1	NP_217146.1	Known	NOT_REFR_ORG	NOT_REFR_NUM	NULL	F	375_tu
645	NP_215271.1	NP_217148.1	Known	NOT_REFR_ORG	NOT_REFR_NUM	NULL	R	376_tu
646	NP_215271.1	NP_217149.1	Known	NOT_REFR_ORG	NOT_REFR_NUM	NULL	R	377_tu
594	NP_215271.1	NP_217157.1	Known	NOT_REFR_ORG	NOT_REFR_NUM	NULL	F	378_tu
595	NP_215271.1	NP_217158.1	Known	NOT_REFR_ORG	NOT_REFR_NUM	NULL	F	379_tu
2076	NP_215271.1	NP_217159.1	Known	NOT_REFR_ORG	NOT_REFR_NUM	NULL	F	379_tu
2121	NP_215271.1	NP_217169.1	Known	NOT_REFR_ORG	NOT_REFR_NUM	NULL	NOT_STRAND	NOT_TU_REFER
709	NP_215271.1	NP_217170.1	Known	NOT_REFR_ORG	NOT_REFR_NUM	NULL	R	380_tu
2122	NP_215271.1	NP_217171.1	Known	NOT_REFR_ORG	NOT_REFR_NUM	NULL	R	380_tu
380_tu	NP_215271.1	NP_217172.1	New	NOT_REFR_ORG	NOT_REFR_NUM	NULL	R	380_tu
380_tu	NP_215271.1	NP_217173.1	New	NOT_REFR_ORG	NOT_REFR_NUM	NULL	R	380_tu
380_tu	NP_215271.1	NP_217174.1	New	NOT_REFR_ORG	NOT_REFR_NUM	NULL	R	380_tu
380_tu	NP_215271.1	NP_217175.1	New	NOT_REFR_ORG	NOT_REFR_NUM	NULL	R	380_tu
710	NP_215271.1	NP_217181.1	Known	NOT_REFR_ORG	NOT_REFR_NUM	NULL	F	381_tu
2077	NP_215271.1	NP_217259.1	Known	NOT_REFR_ORG	NOT_REFR_NUM	NULL	R	382_tu
2078	NP_215271.1	NP_217261.1	Known	NOT_REFR_ORG	NOT_REFR_NUM	NULL	R	383_tu
597	NP_215271.1	NP_217296.1	Known	NOT_REFR_ORG	NOT_REFR_NUM	NULL	F	384_tu
711	NP_215271.1	NP_217403.1	Known	NOT_REFR_ORG	NOT_REFR_NUM	NULL	F	385_tu
712	NP_215271.1	NP_217410.1	Known	NOT_REFR_ORG	NOT_REFR_NUM	NULL	R	386_tu
713	NP_215271.1	NP_217446.2	Known	NOT_REFR_ORG	NOT_REFR_NUM	NULL	F	387_tu
714	NP_215271.1	NP_217447.1	Known	NOT_REFR_ORG	NOT_REFR_NUM	NULL	F	387_tu
715	NP_215271.1	NP_217448.1	Known	NOT_REFR_ORG	NOT_REFR_NUM	NULL	F	387_tu
2123	NP_215271.1	NP_217449.1	Known	NOT_REFR_ORG	NOT_REFR_NUM	NULL	F	387_tu
2124	NP_215271.1	NP_217450.1	Known	NOT_REFR_ORG	NOT_REFR_NUM	NULL	F	387_tu
2125	NP_215271.1	NP_217451.1	Known	NOT_REFR_ORG	NOT_REFR_NUM	NULL	F	387_tu
2126	NP_215271.1	NP_217452.1	Known	NOT_REFR_ORG	NOT_REFR_NUM	NULL	F	387_tu
2127	NP_215271.1	NP_217453.1	Known	NOT_REFR_ORG	NOT_REFR_NUM	NULL	F	387_tu
2128	NP_215271.1	NP_217454.1	Known	NOT_REFR_ORG	NOT_REFR_NUM	NULL	F	387_tu
2129	NP_215271.1	NP_217455.1	Known	NOT_REFR_ORG	NOT_REFR_NUM	NULL	F	387_tu
647	NP_215271.1	NP_217503.1	Known	NOT_REFR_ORG	NOT_REFR_NUM	NULL	R	388_tu
2103	NP_215271.1	NP_217504.1	Known	NOT_REFR_ORG	NOT_REFR_NUM	NULL	R	388_tu
598	NP_215271.1	NP_217643.1	Known	NOT_REFR_ORG	NOT_REFR_NUM	NULL	F	389_tu
599	NP_215271.1	NP_217648.1	Known	NOT_REFR_ORG	NOT_REFR_NUM	NULL	R	390_tu
600	NP_215271.1	NP_217649.1	Known	NOT_REFR_ORG	NOT_REFR_NUM	NULL	R	390_tu
2079	NP_215271.1	NP_217650.1	Known	NOT_REFR_ORG	NOT_REFR_NUM	NULL	R	390_tu
601	NP_215271.1	NP_217653.1	Known	NOT_REFR_ORG	NOT_REFR_NUM	NULL	F	391_tu
391_tu	NP_215271.1	NP_217654.1	New	NOT_REFR_ORG	NOT_REFR_NUM	NULL	F	391_tu
602	NP_215271.1	NP_217657.1	Known	NOT_REFR_ORG	NOT_REFR_NUM	NULL	F	392_tu
603	NP_215271.1	NP_217659.1	Known	NOT_REFR_ORG	NOT_REFR_NUM	NULL	F	393_tu
2080	NP_215271.1	NP_217661.1	Known	NOT_REFR_ORG	NOT_REFR_NUM	NULL	F	394_tu
604	NP_215271.1	NP_217662.1	Known	NOT_REFR_ORG	NOT_REFR_NUM	NULL	F	394_tu
605	NP_215271.1	NP_217663.1	Known	NOT_REFR_ORG	NOT_REFR_NUM	NULL	F	394_tu
606	NP_215271.1	NP_217664.1	Known	NOT_REFR_ORG	NOT_REFR_NUM	NULL	F	394_tu
2081	NP_215271.1	NP_217665.1	Known	NOT_REFR_ORG	NOT_REFR_NUM	NULL	F	394_tu
2082	NP_215271.1	NP_217666.1	Known	NOT_REFR_ORG	NOT_REFR_NUM	NULL	F	394_tu
2083	NP_215271.1	NP_217667.1	Known	NOT_REFR_ORG	NOT_REFR_NUM	NULL	F	394_tu
2084	NP_215271.1	NP_217668.1	Known	NOT_REFR_ORG	NOT_REFR_NUM	NULL	F	395_tu
2085	NP_215271.1	NP_217669.1	Known	NOT_REFR_ORG	NOT_REFR_NUM	NULL	F	395_tu
2086	NP_215271.1	NP_217670.1	Known	NOT_REFR_ORG	NOT_REFR_NUM	NULL	F	395_tu
607	NP_215271.1	NP_217671.1	Known	NOT_REFR_ORG	NOT_REFR_NUM	NULL	F	395_tu
2087	NP_215271.1	NP_217672.1	Known	NOT_REFR_ORG	NOT_REFR_NUM	NULL	F	395_tu
2088	NP_215271.1	NP_217673.1	Known	NOT_REFR_ORG	NOT_REFR_NUM	NULL	F	395_tu
2089	NP_215271.1	NP_217674.1	Known	NOT_REFR_ORG	NOT_REFR_NUM	NULL	F	395_tu
2091	NP_215271.1	NP_217676.1	Known	NOT_REFR_ORG	NOT_REFR_NUM	NULL	R	396_tu
608	NP_215271.1	NP_217677.1	Known	NOT_REFR_ORG	NOT_REFR_NUM	NULL	R	396_tu
396_tu	NP_215271.1	NP_217678.1	New	NOT_REFR_ORG	NOT_REFR_NUM	NULL	R	396_tu
396_tu	NP_215271.1	NP_217679.1	New	NOT_REFR_ORG	NOT_REFR_NUM	NULL	R	396_tu
396_tu	NP_215271.1	NP_217680.1	New	NOT_REFR_ORG	NOT_REFR_NUM	NULL	R	396_tu
396_tu	NP_215271.1	NP_217681.1	New	NOT_REFR_ORG	NOT_REFR_NUM	NULL	R	396_tu
396_tu	NP_215271.1	NP_217682.1	New	NOT_REFR_ORG	NOT_REFR_NUM	NULL	R	396_tu
615	NP_215271.1	NP_217713.1	Known	NOT_REFR_ORG	NOT_REFR_NUM	NULL	F	397_tu
716	NP_215271.1	NP_217735.1	Known	NOT_REFR_ORG	NOT_REFR_NUM	NULL	F	398_tu
717	NP_215271.1	NP_217785.3	Known	NOT_REFR_ORG	NOT_REFR_NUM	NULL	NOT_STRAND	NOT_TU_REFER
609	NP_215271.1	NP_217786.1	Known	NOT_REFR_ORG	NOT_REFR_NUM	NULL	F	399_tu
610	NP_215271.1	NP_217787.1	Known	NOT_REFR_ORG	NOT_REFR_NUM	NULL	F	399_tu
649	NP_215271.1	NP_217829.1	Known	NOT_REFR_ORG	NOT_REFR_NUM	NULL	R	400_tu
2130	NP_215271.1	NP_217914.1	Known	NOT_REFR_ORG	NOT_REFR_NUM	NULL	NOT_STRAND	NOT_TU_REFER
720	NP_215271.1	NP_217919.1	Known	NOT_REFR_ORG	NOT_REFR_NUM	NULL	R	401_tu
651	NP_215271.1	NP_217996.2	Known	NOT_REFR_ORG	NOT_REFR_NUM	NULL	F	402_tu
611	NP_215271.1	NP_218004.3	Known	NOT_REFR_ORG	NOT_REFR_NUM	NULL	R	403_tu
652	NP_215271.1	NP_218129.1	Known	NOT_REFR_ORG	NOT_REFR_NUM	NULL	R	404_tu
653	NP_215271.1	NP_218130.1	Known	NOT_REFR_ORG	NOT_REFR_NUM	NULL	R	404_tu
654	NP_215271.1	NP_218131.1	Known	NOT_REFR_ORG	NOT_REFR_NUM	NULL	R	405_tu
655	NP_215271.1	NP_218132.1	Known	NOT_REFR_ORG	NOT_REFR_NUM	NULL	R	406_tu
656	NP_215271.1	NP_218133.1	Known	NOT_REFR_ORG	NOT_REFR_NUM	NULL	R	407_tu
657	NP_215271.1	NP_218203.1	Known	NOT_REFR_ORG	NOT_REFR_NUM	NULL	NOT_STRAND	NOT_TU_REFER
658	NP_215271.1	NP_218284.1	Known	NOT_REFR_ORG	NOT_REFR_NUM	NULL	R	408_tu
724	NP_215271.1	NP_218285.1	Known	NOT_REFR_ORG	NOT_REFR_NUM	NULL	F	409_tu
659	NP_215271.1	NP_218321.1	Known	NOT_REFR_ORG	NOT_REFR_NUM	NULL	R	410_tu
612	NP_215271.1	NP_218339.1	Known	NOT_REFR_ORG	NOT_REFR_NUM	NULL	NOT_STRAND	NOT_TU_REFER
660	NP_215271.1	NP_218340.1	Known	NOT_REFR_ORG	NOT_REFR_NUM	NULL	R	411_tu
661	NP_215271.1	NP_218341.1	Known	NOT_REFR_ORG	NOT_REFR_NUM	NULL	R	412_tu
613	NP_215271.1	NP_218342.1	Known	NOT_REFR_ORG	NOT_REFR_NUM	NULL	R	412_tu
614	NP_215271.1	NP_218366.1	Known	NOT_REFR_ORG	NOT_REFR_NUM	NULL	F	413_tu
556	NP_215271.1	NP_218379.1	Known	NOT_REFR_ORG	NOT_REFR_NUM	NULL	R	414_tu
616	NP_215271.1	NP_218381.1	Known	NOT_REFR_ORG	NOT_REFR_NUM	NULL	F	415_tu
617	NP_215271.1	NP_218382.1	Known	NOT_REFR_ORG	NOT_REFR_NUM	NULL	F	416_tu
618	NP_215271.1	NP_218383.1	Known	NOT_REFR_ORG	NOT_REFR_NUM	NULL	F	416_tu
619	NP_215271.1	NP_218384.1	Known	NOT_REFR_ORG	NOT_REFR_NUM	NULL	F	416_tu
2092	NP_215271.1	NP_218385.1	Known	NOT_REFR_ORG	NOT_REFR_NUM	NULL	F	416_tu
2093	NP_215271.1	NP_218386.1	Known	NOT_REFR_ORG	NOT_REFR_NUM	NULL	F	416_tu
2094	NP_215271.1	NP_218387.1	Known	NOT_REFR_ORG	NOT_REFR_NUM	NULL	F	416_tu
2095	NP_215271.1	NP_218388.1	Known	NOT_REFR_ORG	NOT_REFR_NUM	NULL	F	417_tu
621	NP_215271.1	NP_218393.1	Known	NOT_REFR_ORG	NOT_REFR_NUM	NULL	F	418_tu
622	NP_215271.1	NP_218394.1	Known	NOT_REFR_ORG	NOT_REFR_NUM	NULL	F	418_tu
623	NP_215271.1	NP_218395.1	Known	NOT_REFR_ORG	NOT_REFR_NUM	NULL	F	419_tu
624	NP_215271.1	NP_218396.1	Known	NOT_REFR_ORG	NOT_REFR_NUM	NULL	R	420_tu
625	NP_215271.1	NP_218397.1	Known	NOT_REFR_ORG	NOT_REFR_NUM	NULL	R	421_tu
626	NP_215271.1	NP_218398.1	Known	NOT_REFR_ORG	NOT_REFR_NUM	NULL	R	421_tu
725	NP_215271.1	NP_218419.1	Known	NOT_REFR_ORG	NOT_REFR_NUM	NULL	R	422_tu
2131	NP_215271.1	NP_218420.1	Known	NOT_REFR_ORG	NOT_REFR_NUM	NULL	R	422_tu
422_tu	NP_215271.1	NP_218421.1	New	NOT_REFR_ORG	NOT_REFR_NUM	NULL	R	422_tu
422_tu	NP_215271.1	NP_218422.1	New	NOT_REFR_ORG	NOT_REFR_NUM	NULL	R	422_tu
422_tu	NP_215271.1	NP_218423.1	New	NOT_REFR_ORG	NOT_REFR_NUM	NULL	R	422_tu
364_tu	NP_215271.1	YP_009030037.1	New	NOT_REFR_ORG	NOT_REFR_NUM	NULL	R	364_tu
400_tu	NP_215271.1	YP_009030045.1	New	NOT_REFR_ORG	NOT_REFR_NUM	NULL	R	400_tu
641	NP_215271.1	YP_177650.1	Known	NOT_REFR_ORG	NOT_REFR_NUM	NULL	R	423_tu
367_tu	NP_215271.1	YP_177669.1	New	NOT_REFR_ORG	NOT_REFR_NUM	NULL	F	367_tu
666	NP_215271.1	YP_177707.1	Known	NOT_REFR_ORG	NOT_REFR_NUM	NULL	R	424_tu
667	NP_215271.1	YP_177709.1	Known	NOT_REFR_ORG	NOT_REFR_NUM	NULL	F	425_tu
560	NP_215271.1	YP_177728.1	Known	NOT_REFR_ORG	NOT_REFR_NUM	NULL	F	426_tu
627	NP_215271.1	YP_177729.1	Known	NOT_REFR_ORG	NOT_REFR_NUM	NULL	F	427_tu
2064	NP_215271.1	YP_177762.1	Known	NOT_REFR_ORG	NOT_REFR_NUM	NULL	F	428_tu
680	NP_215271.1	YP_177778.1	Known	NOT_REFR_ORG	NOT_REFR_NUM	NULL	R	429_tu
628	NP_215271.1	YP_177779.1	Known	NOT_REFR_ORG	NOT_REFR_NUM	NULL	R	430_tu
2099	NP_215271.1	YP_177794.1	Known	NOT_REFR_ORG	NOT_REFR_NUM	NULL	F	431_tu
638	NP_215271.1	YP_177795.1	Known	NOT_REFR_ORG	NOT_REFR_NUM	NULL	F	431_tu
686	NP_215271.1	YP_177797.1	Known	NOT_REFR_ORG	NOT_REFR_NUM	NULL	R	432_tu
640	NP_215271.1	YP_177801.1	Known	NOT_REFR_ORG	NOT_REFR_NUM	NULL	R	433_tu
698	NP_215271.1	YP_177826.1	Known	NOT_REFR_ORG	NOT_REFR_NUM	NULL	R	434_tu
588	NP_215271.1	YP_177878.1	Known	NOT_REFR_ORG	NOT_REFR_NUM	NULL	F	435_tu
596	NP_215271.1	YP_177903.1	Known	NOT_REFR_ORG	NOT_REFR_NUM	NULL	R	382_tu
629	NP_215271.1	YP_177934.1	Known	NOT_REFR_ORG	NOT_REFR_NUM	NULL	F	436_tu
630	NP_215271.1	YP_177935.1	Known	NOT_REFR_ORG	NOT_REFR_NUM	NULL	F	436_tu
2090	NP_215271.1	YP_177937.1	Known	NOT_REFR_ORG	NOT_REFR_NUM	NULL	R	437_tu
648	NP_215271.1	YP_177957.1	Known	NOT_REFR_ORG	NOT_REFR_NUM	NULL	R	438_tu
718	NP_215271.1	YP_177964.1	Known	NOT_REFR_ORG	NOT_REFR_NUM	NULL	R	439_tu
719	NP_215271.1	YP_177970.1	Known	NOT_REFR_ORG	NOT_REFR_NUM	NULL	NOT_STRAND	NOT_TU_REFER
721	NP_215271.1	YP_177972.1	Known	NOT_REFR_ORG	NOT_REFR_NUM	NULL	F	440_tu
722	NP_215271.1	YP_177973.1	Known	NOT_REFR_ORG	NOT_REFR_NUM	NULL	F	441_tu
631	NP_215271.1	YP_177975.1	Known	NOT_REFR_ORG	NOT_REFR_NUM	NULL	F	442_tu
650	NP_215271.1	YP_177976.1	Known	NOT_REFR_ORG	NOT_REFR_NUM	NULL	F	442_tu
723	NP_215271.1	YP_178003.1	Known	NOT_REFR_ORG	NOT_REFR_NUM	NULL	NOT_STRAND	NOT_TU_REFER
2096	NP_215271.1	YP_178021.1	Known	NOT_REFR_ORG	NOT_REFR_NUM	NULL	F	443_tu
620	NP_215271.1	YP_178022.1	Known	NOT_REFR_ORG	NOT_REFR_NUM	NULL	F	443_tu
422_tu	NP_215271.1	YP_178026.1	New	NOT_REFR_ORG	NOT_REFR_NUM	NULL	R	422_tu
64_new	NP_215307.1	NP_215307.1	New	Bacsu	1869	1	NOT_STRAND	NOT_TU_REFER
65_new	NP_215307.1	NP_217849.1	New	Bacsu	1201	1	NOT_STRAND	NOT_TU_REFER
1097	NP_215333.1	NP_215976.2	Known	NOT_REFR_ORG	NOT_REFR_NUM	NULL	F	444_tu
1098	NP_215333.1	NP_215977.1	Known	NOT_REFR_ORG	NOT_REFR_NUM	NULL	F	444_tu
1099	NP_215333.1	NP_215978.1	Known	NOT_REFR_ORG	NOT_REFR_NUM	NULL	F	444_tu
1100	NP_215333.1	NP_215979.1	Known	NOT_REFR_ORG	NOT_REFR_NUM	NULL	F	444_tu
1101	NP_215333.1	NP_215980.1	Known	NOT_REFR_ORG	NOT_REFR_NUM	NULL	F	444_tu
1102	NP_215333.1	NP_215981.1	Known	NOT_REFR_ORG	NOT_REFR_NUM	NULL	F	444_tu
1103	NP_215333.1	NP_215982.1	Known	NOT_REFR_ORG	NOT_REFR_NUM	NULL	F	444_tu
1104	NP_215333.1	NP_217766.1	Known	NOT_REFR_ORG	NOT_REFR_NUM	NULL	R	445_tu
1105	NP_215333.1	NP_217767.1	Known	NOT_REFR_ORG	NOT_REFR_NUM	NULL	R	445_tu
1106	NP_215333.1	NP_217768.1	Known	NOT_REFR_ORG	NOT_REFR_NUM	NULL	R	445_tu
1107	NP_215333.1	NP_217769.1	Known	NOT_REFR_ORG	NOT_REFR_NUM	NULL	R	445_tu
1108	NP_215333.1	NP_218060.1	Known	NOT_REFR_ORG	NOT_REFR_NUM	NULL	NOT_STRAND	NOT_TU_REFER
1109	NP_215333.1	NP_218061.1	Known	NOT_REFR_ORG	NOT_REFR_NUM	NULL	NOT_STRAND	NOT_TU_REFER
1110	NP_215333.1	NP_218062.1	Known	NOT_REFR_ORG	NOT_REFR_NUM	NULL	NOT_STRAND	NOT_TU_REFER
1111	NP_215338.1	NP_215065.1	Known	NOT_REFR_ORG	NOT_REFR_NUM	NULL	R	446_tu
1112	NP_215338.1	NP_218067.1	Known	NOT_REFR_ORG	NOT_REFR_NUM	NULL	F	447_tu
1113	NP_215338.1	NP_218068.1	Known	NOT_REFR_ORG	NOT_REFR_NUM	NULL	F	447_tu
1114	NP_215338.1	NP_218069.1	Known	NOT_REFR_ORG	NOT_REFR_NUM	NULL	F	447_tu
66_new	NP_215359.1	NP_214766.1	New	Ecoli,Salmon	2854,341	2	F	448_tu
67_new	NP_215359.1	NP_214767.1	New	Ecoli,Salmon	2856,342	2	F	448_tu
68_new	NP_215359.1	NP_214781.1	New	Ecoli,Salmon	2847,307	2	F	449_tu
69_new	NP_215359.1	NP_215025.2	New	Ecoli,Salmon	2797,344	2	NOT_STRAND	NOT_TU_REFER
1839	NP_215359.1	NP_215038.1	Known	NOT_REFR_ORG	NOT_REFR_NUM	NULL	F	450_tu
1840	NP_215359.1	NP_215039.1	Known	NOT_REFR_ORG	NOT_REFR_NUM	NULL	F	450_tu
1841	NP_215359.1	NP_215040.1	Known	NOT_REFR_ORG	NOT_REFR_NUM	NULL	F	450_tu
48	NP_215359.1	NP_215041.2	Known	NOT_REFR_ORG	NOT_REFR_NUM	NULL	F	450_tu
1843	NP_215359.1	NP_215042.1	Known	NOT_REFR_ORG	NOT_REFR_NUM	NULL	F	450_tu
450_tu	NP_215359.1	NP_215044.1	New	NOT_REFR_ORG	NOT_REFR_NUM	NULL	F	450_tu
70_new	NP_215359.1	NP_215088.1	New	Bacsu	721	1	NOT_STRAND	NOT_TU_REFER
71_new	NP_215359.1	NP_215359.1	New	Bacsu	812	1	R	451_tu
72_new	NP_215359.1	NP_215677.1	New	Ecoli,Salmon	2843,306	2	F	452_tu
73_new	NP_215359.1	NP_215678.1	New	Ecoli,Salmon	2844,305	2	F	452_tu
452_tu	NP_215359.1	NP_215679.1	New	NOT_REFR_ORG	NOT_REFR_NUM	NULL	F	452_tu
74_new	NP_215359.1	NP_215680.1	New	Salmon	303	1	F	452_tu
452_tu	NP_215359.1	NP_215681.1	New	NOT_REFR_ORG	NOT_REFR_NUM	NULL	F	452_tu
75_new	NP_215359.1	NP_215832.1	New	Salmon	301	1	R	453_tu
453_tu	NP_215359.1	NP_215833.1	New	NOT_REFR_ORG	NOT_REFR_NUM	NULL	R	453_tu
76_new	NP_215359.1	NP_216068.1	New	Ecoli,Salmon	2813,355	2	F	454_tu
77_new	NP_215359.1	NP_216069.1	New	Ecoli,Salmon	2814,354	2	F	454_tu
78_new	NP_215359.1	NP_216070.1	New	Ecoli,Salmon	2815,353	2	F	454_tu
454_tu	NP_215359.1	NP_216071.1	New	NOT_REFR_ORG	NOT_REFR_NUM	NULL	F	454_tu
454_tu	NP_215359.1	NP_216072.1	New	NOT_REFR_ORG	NOT_REFR_NUM	NULL	F	454_tu
79_new	NP_215359.1	NP_216136.1	New	Ecoli	2795	1	R	455_tu
80_new	NP_215359.1	NP_216137.1	New	Ecoli	2796	1	R	455_tu
1844	NP_215359.1	NP_216192.1	Known	NOT_REFR_ORG	NOT_REFR_NUM	NULL	F	456_tu
49	NP_215359.1	NP_216193.1	Known	Ecoli	2787	1	F	456_tu
82_new	NP_215359.1	NP_217014.1	New	Ecoli	2791	1	R	457_tu
457_tu	NP_215359.1	NP_217015.1	New	NOT_REFR_ORG	NOT_REFR_NUM	NULL	R	457_tu
457_tu	NP_215359.1	NP_217016.1	New	NOT_REFR_ORG	NOT_REFR_NUM	NULL	R	457_tu
457_tu	NP_215359.1	NP_217017.1	New	NOT_REFR_ORG	NOT_REFR_NUM	NULL	R	457_tu
457_tu	NP_215359.1	NP_217018.1	New	NOT_REFR_ORG	NOT_REFR_NUM	NULL	R	457_tu
457_tu	NP_215359.1	NP_217019.1	New	NOT_REFR_ORG	NOT_REFR_NUM	NULL	R	457_tu
457_tu	NP_215359.1	NP_217020.1	New	NOT_REFR_ORG	NOT_REFR_NUM	NULL	R	457_tu
83_new	NP_215359.1	NP_217416.1	New	Ecoli	2895	1	NOT_STRAND	NOT_TU_REFER
84_new	NP_215359.1	NP_217419.1	New	Bacsu	316	1	NOT_STRAND	NOT_TU_REFER
85_new	NP_215359.1	NP_217664.1	New	Salmon	328	1	NOT_STRAND	NOT_TU_REFER
86_new	NP_215359.1	NP_217666.1	New	Ecoli,Salmon	2877,326	2	NOT_STRAND	NOT_TU_REFER
87_new	NP_215359.1	NP_217668.1	New	Ecoli,Salmon	2879,324	2	F	458_tu
458_tu	NP_215359.1	NP_217669.1	New	NOT_REFR_ORG	NOT_REFR_NUM	NULL	F	458_tu
458_tu	NP_215359.1	NP_217670.1	New	NOT_REFR_ORG	NOT_REFR_NUM	NULL	F	458_tu
88_new	NP_215359.1	NP_217671.1	New	Ecoli,Salmon	2882,321	2	F	458_tu
89_new	NP_215359.1	NP_217672.1	New	Ecoli,Salmon	2883,320	2	F	458_tu
90_new	NP_215359.1	NP_217673.1	New	Ecoli	2884	1	F	458_tu
91_new	NP_215359.1	NP_217674.1	New	Ecoli	2885	1	F	458_tu
92_new	NP_215359.1	NP_217747.1	New	Salmon	280	1	R	459_tu
50	NP_215359.1	NP_218064.1	Known	NOT_REFR_ORG	NOT_REFR_NUM	NULL	F	460_tu
93_new	NP_215359.1	YP_177725.1	New	Ecoli	2834	1	NOT_STRAND	NOT_TU_REFER
1842	NP_215359.1	YP_177735.1	Known	NOT_REFR_ORG	NOT_REFR_NUM	NULL	F	450_tu
51	NP_215482.1	NP_215482.1	Known	NOT_REFR_ORG	NOT_REFR_NUM	NULL	F	461_tu
52	NP_215482.1	NP_215483.1	Known	NOT_REFR_ORG	NOT_REFR_NUM	NULL	F	461_tu
53	NP_215482.1	NP_215484.3	Known	NOT_REFR_ORG	NOT_REFR_NUM	NULL	F	461_tu
1702	NP_215482.1	NP_215485.1	Known	NOT_REFR_ORG	NOT_REFR_NUM	NULL	F	461_tu
1422	NP_215496.2	NP_214556.1	Known	NOT_REFR_ORG	NOT_REFR_NUM	NULL	R	462_tu
2359	NP_215496.2	NP_214560.1	Known	NOT_REFR_ORG	NOT_REFR_NUM	NULL	R	463_tu
1336	NP_215496.2	NP_214561.1	Known	NOT_REFR_ORG	NOT_REFR_NUM	NULL	R	463_tu
1337	NP_215496.2	NP_214593.1	Known	NOT_REFR_ORG	NOT_REFR_NUM	NULL	F	464_tu
1338	NP_215496.2	NP_214594.1	Known	NOT_REFR_ORG	NOT_REFR_NUM	NULL	F	464_tu
2360	NP_215496.2	NP_214595.1	Known	NOT_REFR_ORG	NOT_REFR_NUM	NULL	F	465_tu
2361	NP_215496.2	NP_214596.2	Known	NOT_REFR_ORG	NOT_REFR_NUM	NULL	F	465_tu
2362	NP_215496.2	NP_214597.1	Known	NOT_REFR_ORG	NOT_REFR_NUM	NULL	F	465_tu
465_tu	NP_215496.2	NP_214598.1	New	NOT_REFR_ORG	NOT_REFR_NUM	NULL	F	465_tu
465_tu	NP_215496.2	NP_214599.1	New	NOT_REFR_ORG	NOT_REFR_NUM	NULL	F	465_tu
465_tu	NP_215496.2	NP_214600.1	New	NOT_REFR_ORG	NOT_REFR_NUM	NULL	F	465_tu
465_tu	NP_215496.2	NP_214601.1	New	NOT_REFR_ORG	NOT_REFR_NUM	NULL	F	465_tu
465_tu	NP_215496.2	NP_214602.1	New	NOT_REFR_ORG	NOT_REFR_NUM	NULL	F	465_tu
1423	NP_215496.2	NP_214632.1	Known	NOT_REFR_ORG	NOT_REFR_NUM	NULL	R	466_tu
1424	NP_215496.2	NP_214680.1	Known	NOT_REFR_ORG	NOT_REFR_NUM	NULL	F	467_tu
1425	NP_215496.2	NP_214681.1	Known	NOT_REFR_ORG	NOT_REFR_NUM	NULL	F	468_tu
2384	NP_215496.2	NP_214682.1	Known	NOT_REFR_ORG	NOT_REFR_NUM	NULL	F	468_tu
1427	NP_215496.2	NP_214684.1	Known	NOT_REFR_ORG	NOT_REFR_NUM	NULL	F	468_tu
2385	NP_215496.2	NP_214685.1	Known	NOT_REFR_ORG	NOT_REFR_NUM	NULL	F	468_tu
1428	NP_215496.2	NP_214686.1	Known	NOT_REFR_ORG	NOT_REFR_NUM	NULL	F	468_tu
2386	NP_215496.2	NP_214687.1	Known	NOT_REFR_ORG	NOT_REFR_NUM	NULL	F	468_tu
1429	NP_215496.2	NP_214688.1	Known	NOT_REFR_ORG	NOT_REFR_NUM	NULL	F	468_tu
2387	NP_215496.2	NP_214689.3	Known	NOT_REFR_ORG	NOT_REFR_NUM	NULL	F	468_tu
2388	NP_215496.2	NP_214690.1	Known	NOT_REFR_ORG	NOT_REFR_NUM	NULL	F	468_tu
2389	NP_215496.2	NP_214691.1	Known	NOT_REFR_ORG	NOT_REFR_NUM	NULL	F	468_tu
2390	NP_215496.2	NP_214692.1	Known	NOT_REFR_ORG	NOT_REFR_NUM	NULL	F	468_tu
2363	NP_215496.2	NP_214764.1	Known	NOT_REFR_ORG	NOT_REFR_NUM	NULL	R	469_tu
1339	NP_215496.2	NP_214765.1	Known	NOT_REFR_ORG	NOT_REFR_NUM	NULL	R	470_tu
1340	NP_215496.2	NP_214776.1	Known	NOT_REFR_ORG	NOT_REFR_NUM	NULL	R	471_tu
1341	NP_215496.2	NP_214777.1	Known	NOT_REFR_ORG	NOT_REFR_NUM	NULL	R	471_tu
1342	NP_215496.2	NP_214778.1	Known	NOT_REFR_ORG	NOT_REFR_NUM	NULL	R	471_tu
1343	NP_215496.2	NP_214856.1	Known	NOT_REFR_ORG	NOT_REFR_NUM	NULL	NOT_STRAND	NOT_TU_REFER
1344	NP_215496.2	NP_214857.1	Known	NOT_REFR_ORG	NOT_REFR_NUM	NULL	NOT_STRAND	NOT_TU_REFER
1115	NP_215496.2	NP_214864.1	Known	NOT_REFR_ORG	NOT_REFR_NUM	NULL	F	472_tu
1116	NP_215496.2	NP_214865.1	Known	NOT_REFR_ORG	NOT_REFR_NUM	NULL	F	472_tu
1118	NP_215496.2	NP_214867.1	Known	NOT_REFR_ORG	NOT_REFR_NUM	NULL	F	472_tu
1345	NP_215496.2	NP_214979.1	Known	NOT_REFR_ORG	NOT_REFR_NUM	NULL	NOT_STRAND	NOT_TU_REFER
2364	NP_215496.2	NP_214982.1	Known	NOT_REFR_ORG	NOT_REFR_NUM	NULL	F	473_tu
1347	NP_215496.2	NP_214997.1	Known	NOT_REFR_ORG	NOT_REFR_NUM	NULL	NOT_STRAND	NOT_TU_REFER
520_tu	NP_215496.2	NP_215025.2	New	NOT_REFR_ORG	NOT_REFR_NUM	NULL	R	520_tu
1348	NP_215496.2	NP_215083.1	Known	NOT_REFR_ORG	NOT_REFR_NUM	NULL	F	474_tu
1349	NP_215496.2	NP_215084.1	Known	NOT_REFR_ORG	NOT_REFR_NUM	NULL	F	474_tu
2365	NP_215496.2	NP_215087.1	Known	NOT_REFR_ORG	NOT_REFR_NUM	NULL	R	475_tu
1350	NP_215496.2	NP_215088.1	Known	NOT_REFR_ORG	NOT_REFR_NUM	NULL	R	475_tu
1430	NP_215496.2	NP_215169.1	Known	NOT_REFR_ORG	NOT_REFR_NUM	NULL	NOT_STRAND	NOT_TU_REFER
1431	NP_215496.2	NP_215206.1	Known	NOT_REFR_ORG	NOT_REFR_NUM	NULL	NOT_STRAND	NOT_TU_REFER
1432	NP_215496.2	NP_215207.1	Known	NOT_REFR_ORG	NOT_REFR_NUM	NULL	NOT_STRAND	NOT_TU_REFER
1433	NP_215496.2	NP_215208.1	Known	NOT_REFR_ORG	NOT_REFR_NUM	NULL	NOT_STRAND	NOT_TU_REFER
1434	NP_215496.2	NP_215209.1	Known	NOT_REFR_ORG	NOT_REFR_NUM	NULL	F	476_tu
1435	NP_215496.2	NP_215210.1	Known	NOT_REFR_ORG	NOT_REFR_NUM	NULL	F	476_tu
476_tu	NP_215496.2	NP_215211.1	New	NOT_REFR_ORG	NOT_REFR_NUM	NULL	F	476_tu
1436	NP_215496.2	NP_215342.1	Known	NOT_REFR_ORG	NOT_REFR_NUM	NULL	R	477_tu
477_tu	NP_215496.2	NP_215343.1	New	NOT_REFR_ORG	NOT_REFR_NUM	NULL	R	477_tu
2366	NP_215496.2	NP_215357.1	Known	NOT_REFR_ORG	NOT_REFR_NUM	NULL	F	478_tu
1351	NP_215496.2	NP_215358.1	Known	NOT_REFR_ORG	NOT_REFR_NUM	NULL	F	478_tu
2391	NP_215496.2	NP_215448.1	Known	NOT_REFR_ORG	NOT_REFR_NUM	NULL	F	479_tu
1438	NP_215496.2	NP_215451.1	Known	NOT_REFR_ORG	NOT_REFR_NUM	NULL	F	479_tu
54	NP_215496.2	NP_215496.2	Known	Salmon	2582	1	F	480_tu
1709	NP_215496.2	NP_215497.1	Known	NOT_REFR_ORG	NOT_REFR_NUM	NULL	F	480_tu
55	NP_215496.2	NP_215498.1	Known	NOT_REFR_ORG	NOT_REFR_NUM	NULL	F	480_tu
1845	NP_215496.2	NP_215499.1	Known	NOT_REFR_ORG	NOT_REFR_NUM	NULL	F	480_tu
2367	NP_215496.2	NP_215504.1	Known	NOT_REFR_ORG	NOT_REFR_NUM	NULL	R	481_tu
1352	NP_215496.2	NP_215505.1	Known	NOT_REFR_ORG	NOT_REFR_NUM	NULL	R	481_tu
1353	NP_215496.2	NP_215506.1	Known	NOT_REFR_ORG	NOT_REFR_NUM	NULL	R	482_tu
2368	NP_215496.2	NP_215507.1	Known	NOT_REFR_ORG	NOT_REFR_NUM	NULL	R	483_tu
1439	NP_215496.2	NP_215529.1	Known	NOT_REFR_ORG	NOT_REFR_NUM	NULL	F	484_tu
1354	NP_215496.2	NP_215573.1	Known	NOT_REFR_ORG	NOT_REFR_NUM	NULL	F	485_tu
2369	NP_215496.2	NP_215588.1	Known	NOT_REFR_ORG	NOT_REFR_NUM	NULL	F	486_tu
1355	NP_215496.2	NP_215589.1	Known	NOT_REFR_ORG	NOT_REFR_NUM	NULL	F	487_tu
1356	NP_215496.2	NP_215646.1	Known	NOT_REFR_ORG	NOT_REFR_NUM	NULL	F	488_tu
1357	NP_215496.2	NP_215647.1	Known	NOT_REFR_ORG	NOT_REFR_NUM	NULL	F	488_tu
488_tu	NP_215496.2	NP_215648.1	New	NOT_REFR_ORG	NOT_REFR_NUM	NULL	F	488_tu
1358	NP_215496.2	NP_215710.1	Known	NOT_REFR_ORG	NOT_REFR_NUM	NULL	R	489_tu
2371	NP_215496.2	NP_215713.1	Known	NOT_REFR_ORG	NOT_REFR_NUM	NULL	F	490_tu
2372	NP_215496.2	NP_215714.1	Known	NOT_REFR_ORG	NOT_REFR_NUM	NULL	F	490_tu
56	NP_215496.2	NP_215737.1	Known	NOT_REFR_ORG	NOT_REFR_NUM	NULL	F	491_tu
2393	NP_215496.2	NP_215819.1	Known	NOT_REFR_ORG	NOT_REFR_NUM	NULL	F	492_tu
1440	NP_215496.2	NP_215820.1	Known	NOT_REFR_ORG	NOT_REFR_NUM	NULL	F	492_tu
1441	NP_215496.2	NP_215821.1	Known	NOT_REFR_ORG	NOT_REFR_NUM	NULL	F	492_tu
1442	NP_215496.2	NP_215822.1	Known	NOT_REFR_ORG	NOT_REFR_NUM	NULL	F	492_tu
1443	NP_215496.2	NP_215823.1	Known	NOT_REFR_ORG	NOT_REFR_NUM	NULL	F	492_tu
1444	NP_215496.2	NP_215824.1	Known	NOT_REFR_ORG	NOT_REFR_NUM	NULL	F	492_tu
2394	NP_215496.2	NP_215825.1	Known	NOT_REFR_ORG	NOT_REFR_NUM	NULL	F	492_tu
1445	NP_215496.2	NP_215826.1	Known	NOT_REFR_ORG	NOT_REFR_NUM	NULL	F	492_tu
2395	NP_215496.2	NP_215827.1	Known	NOT_REFR_ORG	NOT_REFR_NUM	NULL	F	492_tu
1446	NP_215496.2	NP_215828.1	Known	NOT_REFR_ORG	NOT_REFR_NUM	NULL	F	492_tu
1361	NP_215496.2	NP_215859.1	Known	NOT_REFR_ORG	NOT_REFR_NUM	NULL	R	545_tu
1362	NP_215496.2	NP_215860.1	Known	NOT_REFR_ORG	NOT_REFR_NUM	NULL	F	493_tu
2373	NP_215496.2	NP_215861.1	Known	NOT_REFR_ORG	NOT_REFR_NUM	NULL	F	493_tu
2374	NP_215496.2	NP_215862.1	Known	NOT_REFR_ORG	NOT_REFR_NUM	NULL	F	493_tu
1364	NP_215496.2	NP_216108.1	Known	NOT_REFR_ORG	NOT_REFR_NUM	NULL	R	494_tu
1365	NP_215496.2	NP_216252.1	Known	NOT_REFR_ORG	NOT_REFR_NUM	NULL	R	495_tu
1366	NP_215496.2	NP_216253.1	Known	NOT_REFR_ORG	NOT_REFR_NUM	NULL	R	495_tu
1367	NP_215496.2	NP_216294.1	Known	NOT_REFR_ORG	NOT_REFR_NUM	NULL	R	496_tu
1369	NP_215496.2	NP_216327.1	Known	NOT_REFR_ORG	NOT_REFR_NUM	NULL	F	497_tu
1370	NP_215496.2	NP_216329.1	Known	NOT_REFR_ORG	NOT_REFR_NUM	NULL	R	498_tu
2396	NP_215496.2	NP_216397.1	Known	NOT_REFR_ORG	NOT_REFR_NUM	NULL	NOT_STRAND	NOT_TU_REFER
2397	NP_215496.2	NP_216398.1	Known	NOT_REFR_ORG	NOT_REFR_NUM	NULL	NOT_STRAND	NOT_TU_REFER
2398	NP_215496.2	NP_216399.1	Known	NOT_REFR_ORG	NOT_REFR_NUM	NULL	NOT_STRAND	NOT_TU_REFER
1447	NP_215496.2	NP_216400.1	Known	NOT_REFR_ORG	NOT_REFR_NUM	NULL	NOT_STRAND	NOT_TU_REFER
2399	NP_215496.2	NP_216401.1	Known	NOT_REFR_ORG	NOT_REFR_NUM	NULL	NOT_STRAND	NOT_TU_REFER
2400	NP_215496.2	NP_216402.1	Known	NOT_REFR_ORG	NOT_REFR_NUM	NULL	NOT_STRAND	NOT_TU_REFER
2375	NP_215496.2	NP_216519.1	Known	NOT_REFR_ORG	NOT_REFR_NUM	NULL	R	499_tu
1371	NP_215496.2	NP_216520.1	Known	NOT_REFR_ORG	NOT_REFR_NUM	NULL	R	499_tu
1372	NP_215496.2	NP_216521.1	Known	NOT_REFR_ORG	NOT_REFR_NUM	NULL	R	499_tu
1373	NP_215496.2	NP_216523.1	Known	NOT_REFR_ORG	NOT_REFR_NUM	NULL	R	500_tu
1374	NP_215496.2	NP_216544.1	Known	NOT_REFR_ORG	NOT_REFR_NUM	NULL	NOT_STRAND	NOT_TU_REFER
1375	NP_215496.2	NP_216545.1	Known	NOT_REFR_ORG	NOT_REFR_NUM	NULL	NOT_STRAND	NOT_TU_REFER
1376	NP_215496.2	NP_216546.1	Known	NOT_REFR_ORG	NOT_REFR_NUM	NULL	NOT_STRAND	NOT_TU_REFER
2376	NP_215496.2	NP_216547.1	Known	NOT_REFR_ORG	NOT_REFR_NUM	NULL	NOT_STRAND	NOT_TU_REFER
1377	NP_215496.2	NP_216548.1	Known	NOT_REFR_ORG	NOT_REFR_NUM	NULL	F	501_tu
2377	NP_215496.2	NP_216568.1	Known	NOT_REFR_ORG	NOT_REFR_NUM	NULL	R	502_tu
1378	NP_215496.2	NP_216569.1	Known	NOT_REFR_ORG	NOT_REFR_NUM	NULL	R	502_tu
1448	NP_215496.2	NP_216590.1	Known	NOT_REFR_ORG	NOT_REFR_NUM	NULL	F	503_tu
1380	NP_215496.2	NP_216688.1	Known	NOT_REFR_ORG	NOT_REFR_NUM	NULL	R	504_tu
1381	NP_215496.2	NP_216741.1	Known	NOT_REFR_ORG	NOT_REFR_NUM	NULL	F	505_tu
1449	NP_215496.2	NP_216907.1	Known	NOT_REFR_ORG	NOT_REFR_NUM	NULL	F	506_tu
1450	NP_215496.2	NP_216908.1	Known	NOT_REFR_ORG	NOT_REFR_NUM	NULL	F	506_tu
1451	NP_215496.2	NP_216909.1	Known	NOT_REFR_ORG	NOT_REFR_NUM	NULL	F	506_tu
2401	NP_215496.2	NP_216910.1	Known	NOT_REFR_ORG	NOT_REFR_NUM	NULL	F	506_tu
1383	NP_215496.2	NP_216944.1	Known	NOT_REFR_ORG	NOT_REFR_NUM	NULL	F	507_tu
1384	NP_215496.2	NP_216945.1	Known	NOT_REFR_ORG	NOT_REFR_NUM	NULL	F	507_tu
1452	NP_215496.2	NP_217001.1	Known	NOT_REFR_ORG	NOT_REFR_NUM	NULL	R	508_tu
2402	NP_215496.2	NP_217014.1	Known	NOT_REFR_ORG	NOT_REFR_NUM	NULL	R	509_tu
2403	NP_215496.2	NP_217015.1	Known	NOT_REFR_ORG	NOT_REFR_NUM	NULL	R	509_tu
2404	NP_215496.2	NP_217016.1	Known	NOT_REFR_ORG	NOT_REFR_NUM	NULL	R	509_tu
2405	NP_215496.2	NP_217017.1	Known	NOT_REFR_ORG	NOT_REFR_NUM	NULL	R	509_tu
2406	NP_215496.2	NP_217018.1	Known	NOT_REFR_ORG	NOT_REFR_NUM	NULL	R	509_tu
2407	NP_215496.2	NP_217019.1	Known	NOT_REFR_ORG	NOT_REFR_NUM	NULL	R	509_tu
1453	NP_215496.2	NP_217020.1	Known	NOT_REFR_ORG	NOT_REFR_NUM	NULL	R	509_tu
1454	NP_215496.2	NP_217116.1	Known	NOT_REFR_ORG	NOT_REFR_NUM	NULL	F	510_tu
1385	NP_215496.2	NP_217139.1	Known	NOT_REFR_ORG	NOT_REFR_NUM	NULL	F	511_tu
1386	NP_215496.2	NP_217140.1	Known	NOT_REFR_ORG	NOT_REFR_NUM	NULL	R	512_tu
1387	NP_215496.2	NP_217141.1	Known	NOT_REFR_ORG	NOT_REFR_NUM	NULL	R	512_tu
1388	NP_215496.2	NP_217142.1	Known	NOT_REFR_ORG	NOT_REFR_NUM	NULL	R	512_tu
1389	NP_215496.2	NP_217143.1	Known	NOT_REFR_ORG	NOT_REFR_NUM	NULL	R	513_tu
1390	NP_215496.2	NP_217144.1	Known	NOT_REFR_ORG	NOT_REFR_NUM	NULL	F	514_tu
1391	NP_215496.2	NP_217145.1	Known	NOT_REFR_ORG	NOT_REFR_NUM	NULL	F	515_tu
1392	NP_215496.2	NP_217146.1	Known	NOT_REFR_ORG	NOT_REFR_NUM	NULL	F	515_tu
1393	NP_215496.2	NP_217147.2	Known	NOT_REFR_ORG	NOT_REFR_NUM	NULL	F	516_tu
1394	NP_215496.2	NP_217221.1	Known	NOT_REFR_ORG	NOT_REFR_NUM	NULL	R	517_tu
517_tu	NP_215496.2	NP_217222.1	New	NOT_REFR_ORG	NOT_REFR_NUM	NULL	R	517_tu
57	NP_215496.2	NP_217226.1	Known	NOT_REFR_ORG	NOT_REFR_NUM	NULL	F	518_tu
1846	NP_215496.2	NP_217227.1	Known	NOT_REFR_ORG	NOT_REFR_NUM	NULL	F	519_tu
1395	NP_215496.2	NP_217298.1	Known	NOT_REFR_ORG	NOT_REFR_NUM	NULL	NOT_STRAND	NOT_TU_REFER
2378	NP_215496.2	NP_217299.1	Known	NOT_REFR_ORG	NOT_REFR_NUM	NULL	NOT_STRAND	NOT_TU_REFER
1455	NP_215496.2	NP_217362.1	Known	NOT_REFR_ORG	NOT_REFR_NUM	NULL	R	520_tu
1396	NP_215496.2	NP_217446.2	Known	NOT_REFR_ORG	NOT_REFR_NUM	NULL	F	521_tu
1397	NP_215496.2	NP_217447.1	Known	NOT_REFR_ORG	NOT_REFR_NUM	NULL	F	521_tu
1398	NP_215496.2	NP_217448.1	Known	NOT_REFR_ORG	NOT_REFR_NUM	NULL	F	521_tu
1399	NP_215496.2	NP_217449.1	Known	NOT_REFR_ORG	NOT_REFR_NUM	NULL	F	521_tu
1400	NP_215496.2	NP_217450.1	Known	NOT_REFR_ORG	NOT_REFR_NUM	NULL	F	521_tu
2379	NP_215496.2	NP_217451.1	Known	NOT_REFR_ORG	NOT_REFR_NUM	NULL	F	521_tu
1401	NP_215496.2	NP_217452.1	Known	NOT_REFR_ORG	NOT_REFR_NUM	NULL	F	521_tu
1402	NP_215496.2	NP_217453.1	Known	NOT_REFR_ORG	NOT_REFR_NUM	NULL	F	521_tu
1403	NP_215496.2	NP_217454.1	Known	NOT_REFR_ORG	NOT_REFR_NUM	NULL	F	521_tu
2380	NP_215496.2	NP_217455.1	Known	NOT_REFR_ORG	NOT_REFR_NUM	NULL	F	521_tu
1404	NP_215496.2	NP_217456.1	Known	NOT_REFR_ORG	NOT_REFR_NUM	NULL	R	522_tu
2381	NP_215496.2	NP_217608.1	Known	NOT_REFR_ORG	NOT_REFR_NUM	NULL	R	523_tu
1405	NP_215496.2	NP_217609.1	Known	NOT_REFR_ORG	NOT_REFR_NUM	NULL	R	523_tu
1406	NP_215496.2	NP_217610.1	Known	NOT_REFR_ORG	NOT_REFR_NUM	NULL	R	523_tu
1408	NP_215496.2	NP_217653.1	Known	NOT_REFR_ORG	NOT_REFR_NUM	NULL	F	524_tu
524_tu	NP_215496.2	NP_217654.1	New	NOT_REFR_ORG	NOT_REFR_NUM	NULL	F	524_tu
1409	NP_215496.2	NP_217655.1	Known	NOT_REFR_ORG	NOT_REFR_NUM	NULL	F	525_tu
1410	NP_215496.2	NP_217656.1	Known	NOT_REFR_ORG	NOT_REFR_NUM	NULL	F	525_tu
2409	NP_215496.2	NP_217661.1	Known	NOT_REFR_ORG	NOT_REFR_NUM	NULL	F	526_tu
2410	NP_215496.2	NP_217662.1	Known	NOT_REFR_ORG	NOT_REFR_NUM	NULL	F	526_tu
2411	NP_215496.2	NP_217663.1	Known	NOT_REFR_ORG	NOT_REFR_NUM	NULL	F	526_tu
2412	NP_215496.2	NP_217664.1	Known	NOT_REFR_ORG	NOT_REFR_NUM	NULL	F	526_tu
1456	NP_215496.2	NP_217665.1	Known	NOT_REFR_ORG	NOT_REFR_NUM	NULL	F	526_tu
2413	NP_215496.2	NP_217666.1	Known	NOT_REFR_ORG	NOT_REFR_NUM	NULL	F	526_tu
2414	NP_215496.2	NP_217667.1	Known	NOT_REFR_ORG	NOT_REFR_NUM	NULL	F	526_tu
1457	NP_215496.2	NP_217668.1	Known	NOT_REFR_ORG	NOT_REFR_NUM	NULL	F	527_tu
1458	NP_215496.2	NP_217669.1	Known	NOT_REFR_ORG	NOT_REFR_NUM	NULL	F	527_tu
1459	NP_215496.2	NP_217670.1	Known	NOT_REFR_ORG	NOT_REFR_NUM	NULL	F	527_tu
1460	NP_215496.2	NP_217671.1	Known	NOT_REFR_ORG	NOT_REFR_NUM	NULL	F	527_tu
2415	NP_215496.2	NP_217672.1	Known	NOT_REFR_ORG	NOT_REFR_NUM	NULL	F	527_tu
1461	NP_215496.2	NP_217673.1	Known	NOT_REFR_ORG	NOT_REFR_NUM	NULL	F	527_tu
2416	NP_215496.2	NP_217674.1	Known	NOT_REFR_ORG	NOT_REFR_NUM	NULL	F	527_tu
1462	NP_215496.2	NP_217786.1	Known	NOT_REFR_ORG	NOT_REFR_NUM	NULL	F	528_tu
2417	NP_215496.2	NP_217787.1	Known	NOT_REFR_ORG	NOT_REFR_NUM	NULL	F	528_tu
1411	NP_215496.2	NP_217871.1	Known	NOT_REFR_ORG	NOT_REFR_NUM	NULL	F	529_tu
1412	NP_215496.2	NP_217920.1	Known	NOT_REFR_ORG	NOT_REFR_NUM	NULL	R	530_tu
530_tu	NP_215496.2	NP_217921.1	New	NOT_REFR_ORG	NOT_REFR_NUM	NULL	R	530_tu
1119	NP_215496.2	NP_217934.1	Known	NOT_REFR_ORG	NOT_REFR_NUM	NULL	R	531_tu
1120	NP_215496.2	NP_217935.1	Known	NOT_REFR_ORG	NOT_REFR_NUM	NULL	R	532_tu
1413	NP_215496.2	NP_218041.1	Known	NOT_REFR_ORG	NOT_REFR_NUM	NULL	NOT_STRAND	NOT_TU_REFER
1463	NP_215496.2	NP_218099.1	Known	NOT_REFR_ORG	NOT_REFR_NUM	NULL	NOT_STRAND	NOT_TU_REFER
2418	NP_215496.2	NP_218100.1	Known	NOT_REFR_ORG	NOT_REFR_NUM	NULL	NOT_STRAND	NOT_TU_REFER
1414	NP_215496.2	NP_218117.1	Known	NOT_REFR_ORG	NOT_REFR_NUM	NULL	R	533_tu
1415	NP_215496.2	NP_218118.1	Known	NOT_REFR_ORG	NOT_REFR_NUM	NULL	R	533_tu
1416	NP_215496.2	NP_218119.1	Known	NOT_REFR_ORG	NOT_REFR_NUM	NULL	R	533_tu
1417	NP_215496.2	NP_218120.1	Known	NOT_REFR_ORG	NOT_REFR_NUM	NULL	R	533_tu
1464	NP_215496.2	NP_218129.1	Known	NOT_REFR_ORG	NOT_REFR_NUM	NULL	R	534_tu
2419	NP_215496.2	NP_218130.1	Known	NOT_REFR_ORG	NOT_REFR_NUM	NULL	R	534_tu
2420	NP_215496.2	NP_218131.1	Known	NOT_REFR_ORG	NOT_REFR_NUM	NULL	R	535_tu
2421	NP_215496.2	NP_218132.1	Known	NOT_REFR_ORG	NOT_REFR_NUM	NULL	R	536_tu
2422	NP_215496.2	NP_218133.1	Known	NOT_REFR_ORG	NOT_REFR_NUM	NULL	R	537_tu
1465	NP_215496.2	NP_218134.1	Known	NOT_REFR_ORG	NOT_REFR_NUM	NULL	F	538_tu
2423	NP_215496.2	NP_218135.1	Known	NOT_REFR_ORG	NOT_REFR_NUM	NULL	F	538_tu
1466	NP_215496.2	NP_218150.1	Known	NOT_REFR_ORG	NOT_REFR_NUM	NULL	F	539_tu
1418	NP_215496.2	NP_218284.1	Known	NOT_REFR_ORG	NOT_REFR_NUM	NULL	R	540_tu
1419	NP_215496.2	NP_218379.1	Known	NOT_REFR_ORG	NOT_REFR_NUM	NULL	R	541_tu
1421	NP_215496.2	NP_218396.1	Known	NOT_REFR_ORG	NOT_REFR_NUM	NULL	R	542_tu
1426	NP_215496.2	YP_177701.1	Known	NOT_REFR_ORG	NOT_REFR_NUM	NULL	F	468_tu
1117	NP_215496.2	YP_177719.1	Known	NOT_REFR_ORG	NOT_REFR_NUM	NULL	F	472_tu
1346	NP_215496.2	YP_177728.1	Known	NOT_REFR_ORG	NOT_REFR_NUM	NULL	F	543_tu
2392	NP_215496.2	YP_177770.1	Known	NOT_REFR_ORG	NOT_REFR_NUM	NULL	F	479_tu
1437	NP_215496.2	YP_177771.1	Known	NOT_REFR_ORG	NOT_REFR_NUM	NULL	F	479_tu
1359	NP_215496.2	YP_177794.1	Known	NOT_REFR_ORG	NOT_REFR_NUM	NULL	F	544_tu
2370	NP_215496.2	YP_177795.1	Known	NOT_REFR_ORG	NOT_REFR_NUM	NULL	F	544_tu
1360	NP_215496.2	YP_177800.1	Known	NOT_REFR_ORG	NOT_REFR_NUM	NULL	R	545_tu
1363	NP_215496.2	YP_177801.1	Known	NOT_REFR_ORG	NOT_REFR_NUM	NULL	R	546_tu
1368	NP_215496.2	YP_177843.1	Known	NOT_REFR_ORG	NOT_REFR_NUM	NULL	F	547_tu
1379	NP_215496.2	YP_177861.1	Known	NOT_REFR_ORG	NOT_REFR_NUM	NULL	F	548_tu
1382	NP_215496.2	YP_177878.1	Known	NOT_REFR_ORG	NOT_REFR_NUM	NULL	F	549_tu
2408	NP_215496.2	YP_177892.1	Known	NOT_REFR_ORG	NOT_REFR_NUM	NULL	F	510_tu
1407	NP_215496.2	YP_177934.1	Known	NOT_REFR_ORG	NOT_REFR_NUM	NULL	F	550_tu
2382	NP_215496.2	YP_177935.1	Known	NOT_REFR_ORG	NOT_REFR_NUM	NULL	F	550_tu
1420	NP_215496.2	YP_178021.1	Known	NOT_REFR_ORG	NOT_REFR_NUM	NULL	F	551_tu
2383	NP_215496.2	YP_178022.1	Known	NOT_REFR_ORG	NOT_REFR_NUM	NULL	F	551_tu
58	NP_215543.1	NP_215545.1	Known	Ecoli	2301	1	NOT_STRAND	NOT_TU_REFER
59	NP_215543.1	NP_215546.1	Known	Ecoli	2302	1	NOT_STRAND	NOT_TU_REFER
60	NP_215543.1	NP_215547.1	Known	Ecoli	2303	1	NOT_STRAND	NOT_TU_REFER
61	NP_215549.1	NP_215549.1	Known	NOT_REFR_ORG	NOT_REFR_NUM	NULL	NOT_STRAND	NOT_TU_REFER
62	NP_215549.1	NP_215573.1	Known	NOT_REFR_ORG	NOT_REFR_NUM	NULL	F	552_tu
98_new	NP_215549.1	NP_215965.1	New	Salmon	467	1	NOT_STRAND	NOT_TU_REFER
1490	NP_215737.1	NP_214523.1	Known	NOT_REFR_ORG	NOT_REFR_NUM	NULL	F	553_tu
2433	NP_215737.1	NP_214567.1	Known	NOT_REFR_ORG	NOT_REFR_NUM	NULL	F	554_tu
2434	NP_215737.1	NP_214568.1	Known	NOT_REFR_ORG	NOT_REFR_NUM	NULL	F	555_tu
2436	NP_215737.1	NP_214570.1	Known	NOT_REFR_ORG	NOT_REFR_NUM	NULL	F	555_tu
2437	NP_215737.1	NP_214571.1	Known	NOT_REFR_ORG	NOT_REFR_NUM	NULL	F	555_tu
1491	NP_215737.1	NP_214572.1	Known	NOT_REFR_ORG	NOT_REFR_NUM	NULL	F	555_tu
2438	NP_215737.1	NP_214573.1	Known	NOT_REFR_ORG	NOT_REFR_NUM	NULL	F	556_tu
2439	NP_215737.1	NP_214574.1	Known	NOT_REFR_ORG	NOT_REFR_NUM	NULL	F	556_tu
1492	NP_215737.1	NP_214622.1	Known	NOT_REFR_ORG	NOT_REFR_NUM	NULL	R	557_tu
1494	NP_215737.1	NP_214681.1	Known	NOT_REFR_ORG	NOT_REFR_NUM	NULL	F	558_tu
2440	NP_215737.1	NP_214682.1	Known	NOT_REFR_ORG	NOT_REFR_NUM	NULL	F	558_tu
2441	NP_215737.1	NP_214684.1	Known	NOT_REFR_ORG	NOT_REFR_NUM	NULL	F	558_tu
1496	NP_215737.1	NP_214685.1	Known	NOT_REFR_ORG	NOT_REFR_NUM	NULL	F	558_tu
1497	NP_215737.1	NP_214686.1	Known	NOT_REFR_ORG	NOT_REFR_NUM	NULL	F	558_tu
2442	NP_215737.1	NP_214687.1	Known	NOT_REFR_ORG	NOT_REFR_NUM	NULL	F	558_tu
1498	NP_215737.1	NP_214688.1	Known	NOT_REFR_ORG	NOT_REFR_NUM	NULL	F	558_tu
2443	NP_215737.1	NP_214689.3	Known	NOT_REFR_ORG	NOT_REFR_NUM	NULL	F	558_tu
2444	NP_215737.1	NP_214690.1	Known	NOT_REFR_ORG	NOT_REFR_NUM	NULL	F	558_tu
2445	NP_215737.1	NP_214691.1	Known	NOT_REFR_ORG	NOT_REFR_NUM	NULL	F	558_tu
2446	NP_215737.1	NP_214692.1	Known	NOT_REFR_ORG	NOT_REFR_NUM	NULL	F	558_tu
1483	NP_215737.1	NP_214725.1	Known	NOT_REFR_ORG	NOT_REFR_NUM	NULL	F	559_tu
1499	NP_215737.1	NP_214734.1	Known	NOT_REFR_ORG	NOT_REFR_NUM	NULL	NOT_STRAND	NOT_TU_REFER
1500	NP_215737.1	NP_214741.1	Known	NOT_REFR_ORG	NOT_REFR_NUM	NULL	NOT_STRAND	NOT_TU_REFER
1847	NP_215737.1	NP_214764.1	Known	NOT_REFR_ORG	NOT_REFR_NUM	NULL	R	560_tu
63	NP_215737.1	NP_214765.1	Known	NOT_REFR_ORG	NOT_REFR_NUM	NULL	R	561_tu
64	NP_215737.1	NP_214766.1	Known	NOT_REFR_ORG	NOT_REFR_NUM	NULL	F	562_tu
562_tu	NP_215737.1	NP_214767.1	New	NOT_REFR_ORG	NOT_REFR_NUM	NULL	F	562_tu
2447	NP_215737.1	NP_214796.1	Known	NOT_REFR_ORG	NOT_REFR_NUM	NULL	F	563_tu
2448	NP_215737.1	NP_214797.1	Known	NOT_REFR_ORG	NOT_REFR_NUM	NULL	F	563_tu
2449	NP_215737.1	NP_214798.1	Known	NOT_REFR_ORG	NOT_REFR_NUM	NULL	F	563_tu
1501	NP_215737.1	NP_214801.1	Known	NOT_REFR_ORG	NOT_REFR_NUM	NULL	F	563_tu
2452	NP_215737.1	NP_214802.1	Known	NOT_REFR_ORG	NOT_REFR_NUM	NULL	F	563_tu
2453	NP_215737.1	NP_214803.1	Known	NOT_REFR_ORG	NOT_REFR_NUM	NULL	F	563_tu
2454	NP_215737.1	NP_214804.1	Known	NOT_REFR_ORG	NOT_REFR_NUM	NULL	F	563_tu
2455	NP_215737.1	NP_214805.1	Known	NOT_REFR_ORG	NOT_REFR_NUM	NULL	F	563_tu
2456	NP_215737.1	NP_214806.1	Known	NOT_REFR_ORG	NOT_REFR_NUM	NULL	F	563_tu
1502	NP_215737.1	NP_214861.1	Known	NOT_REFR_ORG	NOT_REFR_NUM	NULL	F	564_tu
2457	NP_215737.1	NP_214862.1	Known	NOT_REFR_ORG	NOT_REFR_NUM	NULL	F	564_tu
2458	NP_215737.1	NP_214863.1	Known	NOT_REFR_ORG	NOT_REFR_NUM	NULL	F	564_tu
1121	NP_215737.1	NP_214864.1	Known	NOT_REFR_ORG	NOT_REFR_NUM	NULL	F	565_tu
1122	NP_215737.1	NP_214865.1	Known	NOT_REFR_ORG	NOT_REFR_NUM	NULL	F	565_tu
1124	NP_215737.1	NP_214867.1	Known	NOT_REFR_ORG	NOT_REFR_NUM	NULL	F	565_tu
1503	NP_215737.1	NP_214969.1	Known	NOT_REFR_ORG	NOT_REFR_NUM	NULL	R	566_tu
566_tu	NP_215737.1	NP_214970.1	New	NOT_REFR_ORG	NOT_REFR_NUM	NULL	R	566_tu
66	NP_215737.1	NP_214982.1	Known	NOT_REFR_ORG	NOT_REFR_NUM	NULL	F	567_tu
1467	NP_215737.1	NP_214993.1	Known	NOT_REFR_ORG	NOT_REFR_NUM	NULL	R	568_tu
2424	NP_215737.1	NP_214994.2	Known	NOT_REFR_ORG	NOT_REFR_NUM	NULL	R	568_tu
1480	NP_215737.1	NP_215015.2	Known	NOT_REFR_ORG	NOT_REFR_NUM	NULL	R	569_tu
67	NP_215737.1	NP_215077.1	Known	NOT_REFR_ORG	NOT_REFR_NUM	NULL	F	570_tu
2459	NP_215737.1	NP_215164.1	Known	NOT_REFR_ORG	NOT_REFR_NUM	NULL	NOT_STRAND	NOT_TU_REFER
2460	NP_215737.1	NP_215196.1	Known	NOT_REFR_ORG	NOT_REFR_NUM	NULL	F	571_tu
2461	NP_215737.1	NP_215197.1	Known	NOT_REFR_ORG	NOT_REFR_NUM	NULL	F	571_tu
1506	NP_215737.1	NP_215199.1	Known	NOT_REFR_ORG	NOT_REFR_NUM	NULL	F	572_tu
1507	NP_215737.1	NP_215214.1	Known	NOT_REFR_ORG	NOT_REFR_NUM	NULL	F	573_tu
2462	NP_215737.1	NP_215215.1	Known	NOT_REFR_ORG	NOT_REFR_NUM	NULL	F	573_tu
1508	NP_215737.1	NP_215216.1	Known	NOT_REFR_ORG	NOT_REFR_NUM	NULL	F	573_tu
2463	NP_215737.1	NP_215217.1	Known	NOT_REFR_ORG	NOT_REFR_NUM	NULL	F	573_tu
2464	NP_215737.1	NP_215218.1	Known	NOT_REFR_ORG	NOT_REFR_NUM	NULL	F	574_tu
2465	NP_215737.1	NP_215219.1	Known	NOT_REFR_ORG	NOT_REFR_NUM	NULL	F	574_tu
2466	NP_215737.1	NP_215220.1	Known	NOT_REFR_ORG	NOT_REFR_NUM	NULL	F	574_tu
2467	NP_215737.1	NP_215221.1	Known	NOT_REFR_ORG	NOT_REFR_NUM	NULL	F	574_tu
1509	NP_215737.1	NP_215222.1	Known	NOT_REFR_ORG	NOT_REFR_NUM	NULL	F	574_tu
2468	NP_215737.1	NP_215223.1	Known	NOT_REFR_ORG	NOT_REFR_NUM	NULL	F	574_tu
2469	NP_215737.1	NP_215224.1	Known	NOT_REFR_ORG	NOT_REFR_NUM	NULL	F	574_tu
1510	NP_215737.1	NP_215246.1	Known	NOT_REFR_ORG	NOT_REFR_NUM	NULL	F	575_tu
2470	NP_215737.1	NP_215247.1	Known	NOT_REFR_ORG	NOT_REFR_NUM	NULL	F	575_tu
2472	NP_215737.1	NP_215273.3	Known	NOT_REFR_ORG	NOT_REFR_NUM	NULL	R	576_tu
1511	NP_215737.1	NP_215274.1	Known	NOT_REFR_ORG	NOT_REFR_NUM	NULL	R	577_tu
1512	NP_215737.1	NP_215378.2	Known	NOT_REFR_ORG	NOT_REFR_NUM	NULL	F	578_tu
578_tu	NP_215737.1	NP_215379.1	New	NOT_REFR_ORG	NOT_REFR_NUM	NULL	F	578_tu
578_tu	NP_215737.1	NP_215380.1	New	NOT_REFR_ORG	NOT_REFR_NUM	NULL	F	578_tu
578_tu	NP_215737.1	NP_215381.1	New	NOT_REFR_ORG	NOT_REFR_NUM	NULL	F	578_tu
1513	NP_215737.1	NP_215403.1	Known	NOT_REFR_ORG	NOT_REFR_NUM	NULL	F	579_tu
1468	NP_215737.1	NP_215411.1	Known	NOT_REFR_ORG	NOT_REFR_NUM	NULL	F	580_tu
2474	NP_215737.1	NP_215466.1	Known	NOT_REFR_ORG	NOT_REFR_NUM	NULL	F	581_tu
1514	NP_215737.1	NP_215467.1	Known	NOT_REFR_ORG	NOT_REFR_NUM	NULL	F	581_tu
69	NP_215737.1	NP_215496.2	Known	NOT_REFR_ORG	NOT_REFR_NUM	NULL	F	582_tu
1848	NP_215737.1	NP_215497.1	Known	NOT_REFR_ORG	NOT_REFR_NUM	NULL	F	582_tu
1849	NP_215737.1	NP_215498.1	Known	NOT_REFR_ORG	NOT_REFR_NUM	NULL	F	582_tu
1850	NP_215737.1	NP_215499.1	Known	NOT_REFR_ORG	NOT_REFR_NUM	NULL	F	582_tu
1484	NP_215737.1	NP_215512.1	Known	NOT_REFR_ORG	NOT_REFR_NUM	NULL	F	583_tu
2429	NP_215737.1	NP_215513.1	Known	NOT_REFR_ORG	NOT_REFR_NUM	NULL	F	583_tu
583_tu	NP_215737.1	NP_215514.1	New	NOT_REFR_ORG	NOT_REFR_NUM	NULL	F	583_tu
1515	NP_215737.1	NP_215533.1	Known	NOT_REFR_ORG	NOT_REFR_NUM	NULL	NOT_STRAND	NOT_TU_REFER
70	NP_215737.1	NP_215535.1	Known	NOT_REFR_ORG	NOT_REFR_NUM	NULL	F	584_tu
584_tu	NP_215737.1	NP_215536.1	New	NOT_REFR_ORG	NOT_REFR_NUM	NULL	F	584_tu
584_tu	NP_215737.1	NP_215537.1	New	NOT_REFR_ORG	NOT_REFR_NUM	NULL	F	584_tu
1516	NP_215737.1	NP_215553.1	Known	NOT_REFR_ORG	NOT_REFR_NUM	NULL	R	585_tu
2475	NP_215737.1	NP_215554.1	Known	NOT_REFR_ORG	NOT_REFR_NUM	NULL	R	585_tu
71	NP_215737.1	NP_215573.1	Known	NOT_REFR_ORG	NOT_REFR_NUM	NULL	F	586_tu
1851	NP_215737.1	NP_215585.1	Known	NOT_REFR_ORG	NOT_REFR_NUM	NULL	R	587_tu
1852	NP_215737.1	NP_215586.1	Known	NOT_REFR_ORG	NOT_REFR_NUM	NULL	R	587_tu
72	NP_215737.1	NP_215587.1	Known	NOT_REFR_ORG	NOT_REFR_NUM	NULL	R	587_tu
73	NP_215737.1	NP_215588.1	Known	NOT_REFR_ORG	NOT_REFR_NUM	NULL	F	588_tu
1853	NP_215737.1	NP_215589.1	Known	NOT_REFR_ORG	NOT_REFR_NUM	NULL	F	589_tu
1517	NP_215737.1	NP_215594.1	Known	NOT_REFR_ORG	NOT_REFR_NUM	NULL	F	590_tu
2476	NP_215737.1	NP_215595.1	Known	NOT_REFR_ORG	NOT_REFR_NUM	NULL	F	590_tu
1854	NP_215737.1	NP_215642.1	Known	NOT_REFR_ORG	NOT_REFR_NUM	NULL	R	591_tu
74	NP_215737.1	NP_215643.1	Known	NOT_REFR_ORG	NOT_REFR_NUM	NULL	R	591_tu
2430	NP_215737.1	NP_215644.1	Known	NOT_REFR_ORG	NOT_REFR_NUM	NULL	R	592_tu
1485	NP_215737.1	NP_215645.1	Known	NOT_REFR_ORG	NOT_REFR_NUM	NULL	R	593_tu
75	NP_215737.1	NP_215646.1	Known	NOT_REFR_ORG	NOT_REFR_NUM	NULL	F	594_tu
1486	NP_215737.1	NP_215647.1	Known	NOT_REFR_ORG	NOT_REFR_NUM	NULL	F	594_tu
594_tu	NP_215737.1	NP_215648.1	New	NOT_REFR_ORG	NOT_REFR_NUM	NULL	F	594_tu
1518	NP_215737.1	NP_215690.1	Known	NOT_REFR_ORG	NOT_REFR_NUM	NULL	R	595_tu
1519	NP_215737.1	NP_215713.1	Known	NOT_REFR_ORG	NOT_REFR_NUM	NULL	F	596_tu
2479	NP_215737.1	NP_215714.1	Known	NOT_REFR_ORG	NOT_REFR_NUM	NULL	F	596_tu
1520	NP_215737.1	NP_215749.1	Known	NOT_REFR_ORG	NOT_REFR_NUM	NULL	NOT_STRAND	NOT_TU_REFER
1521	NP_215737.1	NP_215813.1	Known	NOT_REFR_ORG	NOT_REFR_NUM	NULL	F	597_tu
2480	NP_215737.1	NP_215819.1	Known	NOT_REFR_ORG	NOT_REFR_NUM	NULL	F	598_tu
1522	NP_215737.1	NP_215820.1	Known	NOT_REFR_ORG	NOT_REFR_NUM	NULL	F	598_tu
2481	NP_215737.1	NP_215821.1	Known	NOT_REFR_ORG	NOT_REFR_NUM	NULL	F	598_tu
1523	NP_215737.1	NP_215822.1	Known	NOT_REFR_ORG	NOT_REFR_NUM	NULL	F	598_tu
2482	NP_215737.1	NP_215823.1	Known	NOT_REFR_ORG	NOT_REFR_NUM	NULL	F	598_tu
2483	NP_215737.1	NP_215824.1	Known	NOT_REFR_ORG	NOT_REFR_NUM	NULL	F	598_tu
2484	NP_215737.1	NP_215825.1	Known	NOT_REFR_ORG	NOT_REFR_NUM	NULL	F	598_tu
1524	NP_215737.1	NP_215826.1	Known	NOT_REFR_ORG	NOT_REFR_NUM	NULL	F	598_tu
2485	NP_215737.1	NP_215827.1	Known	NOT_REFR_ORG	NOT_REFR_NUM	NULL	F	598_tu
2486	NP_215737.1	NP_215828.1	Known	NOT_REFR_ORG	NOT_REFR_NUM	NULL	F	598_tu
76	NP_215737.1	NP_215845.1	Known	NOT_REFR_ORG	NOT_REFR_NUM	NULL	R	599_tu
1855	NP_215737.1	NP_215846.2	Known	NOT_REFR_ORG	NOT_REFR_NUM	NULL	R	599_tu
1526	NP_215737.1	NP_215904.1	Known	NOT_REFR_ORG	NOT_REFR_NUM	NULL	F	600_tu
2488	NP_215737.1	NP_215913.1	Known	NOT_REFR_ORG	NOT_REFR_NUM	NULL	R	601_tu
1527	NP_215737.1	NP_215914.1	Known	NOT_REFR_ORG	NOT_REFR_NUM	NULL	R	601_tu
1856	NP_215737.1	NP_216021.1	Known	NOT_REFR_ORG	NOT_REFR_NUM	NULL	R	602_tu
77	NP_215737.1	NP_216022.1	Known	NOT_REFR_ORG	NOT_REFR_NUM	NULL	R	602_tu
1528	NP_215737.1	NP_216142.1	Known	NOT_REFR_ORG	NOT_REFR_NUM	NULL	F	603_tu
1469	NP_215737.1	NP_216146.1	Known	NOT_REFR_ORG	NOT_REFR_NUM	NULL	F	604_tu
2425	NP_215737.1	NP_216147.1	Known	NOT_REFR_ORG	NOT_REFR_NUM	NULL	F	604_tu
1529	NP_215737.1	NP_216152.1	Known	NOT_REFR_ORG	NOT_REFR_NUM	NULL	F	605_tu
1530	NP_215737.1	NP_216157.1	Known	NOT_REFR_ORG	NOT_REFR_NUM	NULL	F	606_tu
2489	NP_215737.1	NP_216158.1	Known	NOT_REFR_ORG	NOT_REFR_NUM	NULL	F	606_tu
2490	NP_215737.1	NP_216159.1	Known	NOT_REFR_ORG	NOT_REFR_NUM	NULL	F	606_tu
2491	NP_215737.1	NP_216160.1	Known	NOT_REFR_ORG	NOT_REFR_NUM	NULL	F	606_tu
1531	NP_215737.1	NP_216234.1	Known	NOT_REFR_ORG	NOT_REFR_NUM	NULL	NOT_STRAND	NOT_TU_REFER
1532	NP_215737.1	NP_216254.1	Known	NOT_REFR_ORG	NOT_REFR_NUM	NULL	F	607_tu
1533	NP_215737.1	NP_216342.1	Known	NOT_REFR_ORG	NOT_REFR_NUM	NULL	NOT_STRAND	NOT_TU_REFER
1534	NP_215737.1	NP_216343.1	Known	NOT_REFR_ORG	NOT_REFR_NUM	NULL	F	608_tu
608_tu	NP_215737.1	NP_216344.1	New	NOT_REFR_ORG	NOT_REFR_NUM	NULL	F	608_tu
2493	NP_215737.1	NP_216397.1	Known	NOT_REFR_ORG	NOT_REFR_NUM	NULL	NOT_STRAND	NOT_TU_REFER
2494	NP_215737.1	NP_216398.1	Known	NOT_REFR_ORG	NOT_REFR_NUM	NULL	NOT_STRAND	NOT_TU_REFER
2495	NP_215737.1	NP_216399.1	Known	NOT_REFR_ORG	NOT_REFR_NUM	NULL	NOT_STRAND	NOT_TU_REFER
1535	NP_215737.1	NP_216400.1	Known	NOT_REFR_ORG	NOT_REFR_NUM	NULL	NOT_STRAND	NOT_TU_REFER
1536	NP_215737.1	NP_216401.1	Known	NOT_REFR_ORG	NOT_REFR_NUM	NULL	NOT_STRAND	NOT_TU_REFER
1537	NP_215737.1	NP_216402.1	Known	NOT_REFR_ORG	NOT_REFR_NUM	NULL	NOT_STRAND	NOT_TU_REFER
1538	NP_215737.1	NP_216441.2	Known	NOT_REFR_ORG	NOT_REFR_NUM	NULL	F	609_tu
1487	NP_215737.1	NP_216448.1	Known	NOT_REFR_ORG	NOT_REFR_NUM	NULL	F	610_tu
1539	NP_215737.1	NP_216496.1	Known	NOT_REFR_ORG	NOT_REFR_NUM	NULL	R	611_tu
1857	NP_215737.1	NP_216568.1	Known	NOT_REFR_ORG	NOT_REFR_NUM	NULL	R	612_tu
78	NP_215737.1	NP_216569.1	Known	NOT_REFR_ORG	NOT_REFR_NUM	NULL	R	612_tu
79	NP_215737.1	NP_216570.1	Known	NOT_REFR_ORG	NOT_REFR_NUM	NULL	F	613_tu
1470	NP_215737.1	NP_216610.1	Known	NOT_REFR_ORG	NOT_REFR_NUM	NULL	NOT_STRAND	NOT_TU_REFER
1540	NP_215737.1	NP_216627.1	Known	NOT_REFR_ORG	NOT_REFR_NUM	NULL	NOT_STRAND	NOT_TU_REFER
1541	NP_215737.1	NP_216701.1	Known	NOT_REFR_ORG	NOT_REFR_NUM	NULL	R	614_tu
1542	NP_215737.1	NP_216709.1	Known	NOT_REFR_ORG	NOT_REFR_NUM	NULL	F	615_tu
2496	NP_215737.1	NP_216710.1	Known	NOT_REFR_ORG	NOT_REFR_NUM	NULL	F	615_tu
1543	NP_215737.1	NP_216711.1	Known	NOT_REFR_ORG	NOT_REFR_NUM	NULL	F	615_tu
1544	NP_215737.1	NP_216712.1	Known	NOT_REFR_ORG	NOT_REFR_NUM	NULL	F	615_tu
1545	NP_215737.1	NP_216720.1	Known	NOT_REFR_ORG	NOT_REFR_NUM	NULL	R	616_tu
1546	NP_215737.1	NP_216731.1	Known	NOT_REFR_ORG	NOT_REFR_NUM	NULL	F	617_tu
617_tu	NP_215737.1	NP_216732.1	New	NOT_REFR_ORG	NOT_REFR_NUM	NULL	F	617_tu
617_tu	NP_215737.1	NP_216733.1	New	NOT_REFR_ORG	NOT_REFR_NUM	NULL	F	617_tu
617_tu	NP_215737.1	NP_216734.1	New	NOT_REFR_ORG	NOT_REFR_NUM	NULL	F	617_tu
617_tu	NP_215737.1	NP_216735.1	New	NOT_REFR_ORG	NOT_REFR_NUM	NULL	F	617_tu
1547	NP_215737.1	NP_216736.1	Known	NOT_REFR_ORG	NOT_REFR_NUM	NULL	F	618_tu
1548	NP_215737.1	NP_216757.3	Known	NOT_REFR_ORG	NOT_REFR_NUM	NULL	F	619_tu
619_tu	NP_215737.1	NP_216758.1	New	NOT_REFR_ORG	NOT_REFR_NUM	NULL	F	619_tu
1549	NP_215737.1	NP_216759.1	Known	NOT_REFR_ORG	NOT_REFR_NUM	NULL	F	620_tu
1550	NP_215737.1	NP_216760.1	Known	NOT_REFR_ORG	NOT_REFR_NUM	NULL	F	621_tu
2497	NP_215737.1	NP_216761.1	Known	NOT_REFR_ORG	NOT_REFR_NUM	NULL	F	621_tu
2498	NP_215737.1	NP_216762.1	Known	NOT_REFR_ORG	NOT_REFR_NUM	NULL	F	621_tu
2499	NP_215737.1	NP_216763.1	Known	NOT_REFR_ORG	NOT_REFR_NUM	NULL	F	621_tu
1471	NP_215737.1	NP_216787.1	Known	NOT_REFR_ORG	NOT_REFR_NUM	NULL	F	622_tu
1472	NP_215737.1	NP_216788.1	Known	NOT_REFR_ORG	NOT_REFR_NUM	NULL	F	623_tu
2426	NP_215737.1	NP_216789.1	Known	NOT_REFR_ORG	NOT_REFR_NUM	NULL	F	623_tu
2427	NP_215737.1	NP_216791.1	Known	NOT_REFR_ORG	NOT_REFR_NUM	NULL	F	624_tu
1473	NP_215737.1	NP_216792.1	Known	NOT_REFR_ORG	NOT_REFR_NUM	NULL	F	624_tu
1551	NP_215737.1	NP_216862.1	Known	NOT_REFR_ORG	NOT_REFR_NUM	NULL	R	625_tu
1552	NP_215737.1	NP_216863.1	Known	NOT_REFR_ORG	NOT_REFR_NUM	NULL	R	625_tu
1553	NP_215737.1	NP_216864.1	Known	NOT_REFR_ORG	NOT_REFR_NUM	NULL	R	626_tu
1858	NP_215737.1	NP_216957.1	Known	NOT_REFR_ORG	NOT_REFR_NUM	NULL	R	627_tu
80	NP_215737.1	NP_216958.1	Known	NOT_REFR_ORG	NOT_REFR_NUM	NULL	R	627_tu
81	NP_215737.1	NP_216959.1	Known	NOT_REFR_ORG	NOT_REFR_NUM	NULL	F	628_tu
1554	NP_215737.1	NP_216973.1	Known	NOT_REFR_ORG	NOT_REFR_NUM	NULL	NOT_STRAND	NOT_TU_REFER
1555	NP_215737.1	NP_217001.1	Known	NOT_REFR_ORG	NOT_REFR_NUM	NULL	R	629_tu
1556	NP_215737.1	NP_217028.1	Known	NOT_REFR_ORG	NOT_REFR_NUM	NULL	R	630_tu
2431	NP_215737.1	NP_217038.1	Known	NOT_REFR_ORG	NOT_REFR_NUM	NULL	R	631_tu
1488	NP_215737.1	NP_217039.1	Known	NOT_REFR_ORG	NOT_REFR_NUM	NULL	R	631_tu
1557	NP_215737.1	NP_217040.1	Known	NOT_REFR_ORG	NOT_REFR_NUM	NULL	R	632_tu
2500	NP_215737.1	NP_217148.1	Known	NOT_REFR_ORG	NOT_REFR_NUM	NULL	R	633_tu
1558	NP_215737.1	NP_217149.1	Known	NOT_REFR_ORG	NOT_REFR_NUM	NULL	R	634_tu
1559	NP_215737.1	NP_217188.1	Known	NOT_REFR_ORG	NOT_REFR_NUM	NULL	NOT_STRAND	NOT_TU_REFER
1475	NP_215737.1	NP_217200.1	Known	NOT_REFR_ORG	NOT_REFR_NUM	NULL	NOT_STRAND	NOT_TU_REFER
1560	NP_215737.1	NP_217224.1	Known	NOT_REFR_ORG	NOT_REFR_NUM	NULL	R	635_tu
82	NP_215737.1	NP_217226.1	Known	NOT_REFR_ORG	NOT_REFR_NUM	NULL	F	636_tu
1859	NP_215737.1	NP_217227.1	Known	NOT_REFR_ORG	NOT_REFR_NUM	NULL	F	637_tu
1561	NP_215737.1	NP_217232.1	Known	NOT_REFR_ORG	NOT_REFR_NUM	NULL	NOT_STRAND	NOT_TU_REFER
1860	NP_215737.1	NP_217259.1	Known	NOT_REFR_ORG	NOT_REFR_NUM	NULL	R	638_tu
83	NP_215737.1	NP_217261.1	Known	NOT_REFR_ORG	NOT_REFR_NUM	NULL	R	639_tu
2501	NP_215737.1	NP_217305.1	Known	NOT_REFR_ORG	NOT_REFR_NUM	NULL	R	640_tu
2502	NP_215737.1	NP_217306.3	Known	NOT_REFR_ORG	NOT_REFR_NUM	NULL	R	640_tu
2503	NP_215737.1	NP_217307.1	Known	NOT_REFR_ORG	NOT_REFR_NUM	NULL	R	640_tu
1562	NP_215737.1	NP_217308.1	Known	NOT_REFR_ORG	NOT_REFR_NUM	NULL	R	640_tu
2504	NP_215737.1	NP_217441.1	Known	NOT_REFR_ORG	NOT_REFR_NUM	NULL	R	641_tu
2505	NP_215737.1	NP_217442.1	Known	NOT_REFR_ORG	NOT_REFR_NUM	NULL	R	641_tu
1563	NP_215737.1	NP_217443.1	Known	NOT_REFR_ORG	NOT_REFR_NUM	NULL	R	641_tu
1564	NP_215737.1	NP_217456.1	Known	NOT_REFR_ORG	NOT_REFR_NUM	NULL	R	642_tu
1565	NP_215737.1	NP_217457.1	Known	NOT_REFR_ORG	NOT_REFR_NUM	NULL	F	643_tu
643_tu	NP_215737.1	NP_217458.1	New	NOT_REFR_ORG	NOT_REFR_NUM	NULL	F	643_tu
2506	NP_215737.1	NP_217461.1	Known	NOT_REFR_ORG	NOT_REFR_NUM	NULL	R	644_tu
2507	NP_215737.1	NP_217462.1	Known	NOT_REFR_ORG	NOT_REFR_NUM	NULL	R	645_tu
1566	NP_215737.1	NP_217463.1	Known	NOT_REFR_ORG	NOT_REFR_NUM	NULL	R	645_tu
2508	NP_215737.1	NP_217464.1	Known	NOT_REFR_ORG	NOT_REFR_NUM	NULL	R	645_tu
2509	NP_215737.1	NP_217465.1	Known	NOT_REFR_ORG	NOT_REFR_NUM	NULL	R	645_tu
1567	NP_215737.1	NP_217466.3	Known	NOT_REFR_ORG	NOT_REFR_NUM	NULL	R	645_tu
1476	NP_215737.1	NP_217487.1	Known	NOT_REFR_ORG	NOT_REFR_NUM	NULL	NOT_STRAND	NOT_TU_REFER
1568	NP_215737.1	NP_217502.1	Known	NOT_REFR_ORG	NOT_REFR_NUM	NULL	R	646_tu
1477	NP_215737.1	NP_217566.1	Known	NOT_REFR_ORG	NOT_REFR_NUM	NULL	R	647_tu
1569	NP_215737.1	NP_217646.1	Known	NOT_REFR_ORG	NOT_REFR_NUM	NULL	R	648_tu
2428	NP_215737.1	NP_217655.1	Known	NOT_REFR_ORG	NOT_REFR_NUM	NULL	F	649_tu
1478	NP_215737.1	NP_217656.1	Known	NOT_REFR_ORG	NOT_REFR_NUM	NULL	F	649_tu
1570	NP_215737.1	NP_217721.1	Known	NOT_REFR_ORG	NOT_REFR_NUM	NULL	R	650_tu
1571	NP_215737.1	NP_217735.1	Known	NOT_REFR_ORG	NOT_REFR_NUM	NULL	F	651_tu
1572	NP_215737.1	NP_217740.1	Known	NOT_REFR_ORG	NOT_REFR_NUM	NULL	F	652_tu
1489	NP_215737.1	NP_217786.1	Known	NOT_REFR_ORG	NOT_REFR_NUM	NULL	F	653_tu
2432	NP_215737.1	NP_217787.1	Known	NOT_REFR_ORG	NOT_REFR_NUM	NULL	F	653_tu
1573	NP_215737.1	NP_217797.1	Known	NOT_REFR_ORG	NOT_REFR_NUM	NULL	F	654_tu
2511	NP_215737.1	NP_217798.1	Known	NOT_REFR_ORG	NOT_REFR_NUM	NULL	F	654_tu
2512	NP_215737.1	NP_217799.1	Known	NOT_REFR_ORG	NOT_REFR_NUM	NULL	F	654_tu
654_tu	NP_215737.1	NP_217800.1	New	NOT_REFR_ORG	NOT_REFR_NUM	NULL	F	654_tu
654_tu	NP_215737.1	NP_217801.1	New	NOT_REFR_ORG	NOT_REFR_NUM	NULL	F	654_tu
1574	NP_215737.1	NP_217950.1	Known	NOT_REFR_ORG	NOT_REFR_NUM	NULL	NOT_STRAND	NOT_TU_REFER
2513	NP_215737.1	NP_217972.3	Known	NOT_REFR_ORG	NOT_REFR_NUM	NULL	R	655_tu
2514	NP_215737.1	NP_217973.1	Known	NOT_REFR_ORG	NOT_REFR_NUM	NULL	R	655_tu
2515	NP_215737.1	NP_217974.1	Known	NOT_REFR_ORG	NOT_REFR_NUM	NULL	R	655_tu
2516	NP_215737.1	NP_217975.1	Known	NOT_REFR_ORG	NOT_REFR_NUM	NULL	R	656_tu
2517	NP_215737.1	NP_217976.1	Known	NOT_REFR_ORG	NOT_REFR_NUM	NULL	R	656_tu
2518	NP_215737.1	NP_217977.1	Known	NOT_REFR_ORG	NOT_REFR_NUM	NULL	R	656_tu
2519	NP_215737.1	NP_217978.1	Known	NOT_REFR_ORG	NOT_REFR_NUM	NULL	R	657_tu
1575	NP_215737.1	NP_217979.1	Known	NOT_REFR_ORG	NOT_REFR_NUM	NULL	R	657_tu
1479	NP_215737.1	NP_218109.1	Known	NOT_REFR_ORG	NOT_REFR_NUM	NULL	F	658_tu
658_tu	NP_215737.1	NP_218110.1	New	NOT_REFR_ORG	NOT_REFR_NUM	NULL	F	658_tu
2521	NP_215737.1	NP_218129.1	Known	NOT_REFR_ORG	NOT_REFR_NUM	NULL	R	659_tu
2522	NP_215737.1	NP_218130.1	Known	NOT_REFR_ORG	NOT_REFR_NUM	NULL	R	659_tu
1577	NP_215737.1	NP_218131.1	Known	NOT_REFR_ORG	NOT_REFR_NUM	NULL	R	660_tu
1578	NP_215737.1	NP_218132.1	Known	NOT_REFR_ORG	NOT_REFR_NUM	NULL	R	661_tu
1579	NP_215737.1	NP_218133.1	Known	NOT_REFR_ORG	NOT_REFR_NUM	NULL	R	662_tu
2523	NP_215737.1	NP_218136.1	Known	NOT_REFR_ORG	NOT_REFR_NUM	NULL	R	663_tu
1580	NP_215737.1	NP_218137.1	Known	NOT_REFR_ORG	NOT_REFR_NUM	NULL	R	663_tu
1581	NP_215737.1	NP_218165.1	Known	NOT_REFR_ORG	NOT_REFR_NUM	NULL	R	664_tu
1582	NP_215737.1	NP_218223.1	Known	NOT_REFR_ORG	NOT_REFR_NUM	NULL	R	665_tu
1481	NP_215737.1	NP_218284.1	Known	NOT_REFR_ORG	NOT_REFR_NUM	NULL	R	666_tu
1583	NP_215737.1	NP_218290.1	Known	NOT_REFR_ORG	NOT_REFR_NUM	NULL	R	667_tu
1584	NP_215737.1	NP_218321.1	Known	NOT_REFR_ORG	NOT_REFR_NUM	NULL	R	668_tu
1585	NP_215737.1	NP_218339.1	Known	NOT_REFR_ORG	NOT_REFR_NUM	NULL	NOT_STRAND	NOT_TU_REFER
1586	NP_215737.1	NP_218341.1	Known	NOT_REFR_ORG	NOT_REFR_NUM	NULL	R	669_tu
2524	NP_215737.1	NP_218342.1	Known	NOT_REFR_ORG	NOT_REFR_NUM	NULL	R	669_tu
1482	NP_215737.1	NP_218343.1	Known	NOT_REFR_ORG	NOT_REFR_NUM	NULL	F	670_tu
1587	NP_215737.1	NP_218363.1	Known	NOT_REFR_ORG	NOT_REFR_NUM	NULL	F	671_tu
1588	NP_215737.1	NP_218369.1	Known	NOT_REFR_ORG	NOT_REFR_NUM	NULL	F	672_tu
2525	NP_215737.1	NP_218370.1	Known	NOT_REFR_ORG	NOT_REFR_NUM	NULL	F	672_tu
2526	NP_215737.1	NP_218381.1	Known	NOT_REFR_ORG	NOT_REFR_NUM	NULL	F	673_tu
1589	NP_215737.1	NP_218382.1	Known	NOT_REFR_ORG	NOT_REFR_NUM	NULL	F	674_tu
2527	NP_215737.1	NP_218383.1	Known	NOT_REFR_ORG	NOT_REFR_NUM	NULL	F	674_tu
2528	NP_215737.1	NP_218384.1	Known	NOT_REFR_ORG	NOT_REFR_NUM	NULL	F	674_tu
2529	NP_215737.1	NP_218385.1	Known	NOT_REFR_ORG	NOT_REFR_NUM	NULL	F	674_tu
2530	NP_215737.1	NP_218386.1	Known	NOT_REFR_ORG	NOT_REFR_NUM	NULL	F	674_tu
2531	NP_215737.1	NP_218387.1	Known	NOT_REFR_ORG	NOT_REFR_NUM	NULL	F	674_tu
2532	NP_215737.1	NP_218388.1	Known	NOT_REFR_ORG	NOT_REFR_NUM	NULL	F	675_tu
1590	NP_215737.1	NP_218391.1	Known	NOT_REFR_ORG	NOT_REFR_NUM	NULL	F	676_tu
2533	NP_215737.1	NP_218430.1	Known	NOT_REFR_ORG	NOT_REFR_NUM	NULL	F	677_tu
1592	NP_215737.1	NP_218431.1	Known	NOT_REFR_ORG	NOT_REFR_NUM	NULL	F	677_tu
2435	NP_215737.1	YP_177688.1	Known	NOT_REFR_ORG	NOT_REFR_NUM	NULL	F	555_tu
1493	NP_215737.1	YP_177694.1	Known	NOT_REFR_ORG	NOT_REFR_NUM	NULL	R	678_tu
1495	NP_215737.1	YP_177701.1	Known	NOT_REFR_ORG	NOT_REFR_NUM	NULL	F	558_tu
2450	NP_215737.1	YP_177710.1	Known	NOT_REFR_ORG	NOT_REFR_NUM	NULL	F	563_tu
2451	NP_215737.1	YP_177711.1	Known	NOT_REFR_ORG	NOT_REFR_NUM	NULL	F	563_tu
1123	NP_215737.1	YP_177719.1	Known	NOT_REFR_ORG	NOT_REFR_NUM	NULL	F	565_tu
65	NP_215737.1	YP_177728.1	Known	NOT_REFR_ORG	NOT_REFR_NUM	NULL	F	679_tu
1504	NP_215737.1	YP_177744.1	Known	NOT_REFR_ORG	NOT_REFR_NUM	NULL	NOT_STRAND	NOT_TU_REFER
1505	NP_215737.1	YP_177746.1	Known	NOT_REFR_ORG	NOT_REFR_NUM	NULL	F	680_tu
2471	NP_215737.1	YP_177748.1	Known	NOT_REFR_ORG	NOT_REFR_NUM	NULL	F	575_tu
2473	NP_215737.1	YP_177754.1	Known	NOT_REFR_ORG	NOT_REFR_NUM	NULL	R	577_tu
68	NP_215737.1	YP_177775.1	Known	NOT_REFR_ORG	NOT_REFR_NUM	NULL	R	681_tu
2477	NP_215737.1	YP_177794.1	Known	NOT_REFR_ORG	NOT_REFR_NUM	NULL	F	682_tu
2478	NP_215737.1	YP_177795.1	Known	NOT_REFR_ORG	NOT_REFR_NUM	NULL	F	682_tu
2487	NP_215737.1	YP_177805.1	Known	NOT_REFR_ORG	NOT_REFR_NUM	NULL	F	683_tu
1525	NP_215737.1	YP_177806.1	Known	NOT_REFR_ORG	NOT_REFR_NUM	NULL	F	683_tu
2492	NP_215737.1	YP_177838.1	Known	NOT_REFR_ORG	NOT_REFR_NUM	NULL	F	684_tu
1474	NP_215737.1	YP_177888.1	Known	NOT_REFR_ORG	NOT_REFR_NUM	NULL	F	685_tu
1861	NP_215737.1	YP_177903.1	Known	NOT_REFR_ORG	NOT_REFR_NUM	NULL	R	638_tu
2510	NP_215737.1	YP_177942.1	Known	NOT_REFR_ORG	NOT_REFR_NUM	NULL	R	650_tu
1576	NP_215737.1	YP_177975.1	Known	NOT_REFR_ORG	NOT_REFR_NUM	NULL	F	686_tu
2520	NP_215737.1	YP_177976.1	Known	NOT_REFR_ORG	NOT_REFR_NUM	NULL	F	686_tu
84	NP_215737.1	YP_177987.1	Known	NOT_REFR_ORG	NOT_REFR_NUM	NULL	F	687_tu
663_tu	NP_215737.1	YP_177998.1	New	NOT_REFR_ORG	NOT_REFR_NUM	NULL	R	663_tu
663_tu	NP_215737.1	YP_177999.1	New	NOT_REFR_ORG	NOT_REFR_NUM	NULL	R	663_tu
1591	NP_215737.1	YP_178023.1	Known	NOT_REFR_ORG	NOT_REFR_NUM	NULL	F	676_tu
99_new	NP_215745.1	NP_215745.1	New	Bacsu	1406	1	R	688_tu
688_tu	NP_215745.1	NP_215746.1	New	NOT_REFR_ORG	NOT_REFR_NUM	NULL	R	688_tu
85	NP_215782.1	NP_215783.1	Known	NOT_REFR_ORG	NOT_REFR_NUM	NULL	R	689_tu
86	NP_215783.1	NP_218310.1	Known	NOT_REFR_ORG	NOT_REFR_NUM	NULL	NOT_STRAND	NOT_TU_REFER
87	NP_215783.1	NP_218311.1	Known	NOT_REFR_ORG	NOT_REFR_NUM	NULL	F	690_tu
88	NP_215783.1	NP_218312.1	Known	NOT_REFR_ORG	NOT_REFR_NUM	NULL	F	690_tu
690_tu	NP_215783.1	YP_178016.1	New	NOT_REFR_ORG	NOT_REFR_NUM	NULL	F	690_tu
100_new	NP_215803.1	NP_214605.1	New	Bacsu	1195	1	F	691_tu
101_new	NP_215803.1	NP_214657.1	New	Salmon	22	1	R	692_tu
102_new	NP_215803.1	NP_215306.1	New	Bacsu	1493	1	NOT_STRAND	NOT_TU_REFER
103_new	NP_215803.1	NP_215595.1	New	Bacsu,Staph	1173,553	2	NOT_STRAND	NOT_TU_REFER
104_new	NP_215803.1	NP_215797.1	New	Staph	535	1	NOT_STRAND	NOT_TU_REFER
105_new	NP_215803.1	NP_215803.1	New	Ecoli,Pseudo,Salmon	2275,764,43	3	NOT_STRAND	NOT_TU_REFER
106_new	NP_215803.1	NP_215979.1	New	Ecoli,Salmon	2294,28	2	NOT_STRAND	NOT_TU_REFER
107_new	NP_215803.1	NP_215980.1	New	Ecoli,Salmon	2297,30	2	NOT_STRAND	NOT_TU_REFER
108_new	NP_215803.1	NP_216587.1	New	Bacsu	1496	1	NOT_STRAND	NOT_TU_REFER
109_new	NP_215803.1	NP_216720.1	New	Ecoli,Salmon	2267,23	2	R	693_tu
695_tu	NP_215803.1	NP_216851.1	New	NOT_REFR_ORG	NOT_REFR_NUM	NULL	F	695_tu
110_new	NP_215803.1	NP_216908.1	New	Bacsu	806	1	NOT_STRAND	NOT_TU_REFER
111_new	NP_215803.1	NP_216909.1	New	Bacsu	1438	1	NOT_STRAND	NOT_TU_REFER
112_new	NP_215803.1	NP_217541.1	New	Ecoli,Pseudo	2276,762	2	NOT_STRAND	NOT_TU_REFER
113_new	NP_215803.1	NP_217567.1	New	Ecoli	2286	1	R	694_tu
114_new	NP_215803.1	NP_217568.1	New	Ecoli	2289	1	R	694_tu
115_new	NP_215803.1	NP_217569.1	New	Ecoli	2288	1	R	694_tu
116_new	NP_215803.1	YP_177868.1	New	Bacsu,Staph	102,534	2	F	695_tu
117_new	NP_215803.1	YP_177921.1	New	Ecoli	2287	1	R	696_tu
118_new	NP_215803.1	YP_177955.1	New	Bacsu	1820	1	R	697_tu
697_tu	NP_215803.1	YP_177956.1	New	NOT_REFR_ORG	NOT_REFR_NUM	NULL	R	697_tu
89	NP_215832.1	NP_215186.1	Known	NOT_REFR_ORG	NOT_REFR_NUM	NULL	NOT_STRAND	NOT_TU_REFER
1862	NP_215832.1	NP_215187.1	Known	NOT_REFR_ORG	NOT_REFR_NUM	NULL	NOT_STRAND	NOT_TU_REFER
1863	NP_215832.1	NP_215188.1	Known	NOT_REFR_ORG	NOT_REFR_NUM	NULL	NOT_STRAND	NOT_TU_REFER
90	NP_215832.1	NP_215832.1	Known	NOT_REFR_ORG	NOT_REFR_NUM	NULL	R	698_tu
91	NP_215832.1	NP_215833.1	Known	NOT_REFR_ORG	NOT_REFR_NUM	NULL	R	698_tu
92	NP_215859.1	NP_215859.1	Known	NOT_REFR_ORG	NOT_REFR_NUM	NULL	R	699_tu
1864	NP_215859.1	YP_177800.1	Known	NOT_REFR_ORG	NOT_REFR_NUM	NULL	R	699_tu
119_new	NP_215873.1	NP_215873.1	New	Ecoli	3166	1	R	700_tu
1125	NP_215875.1	NP_215976.2	Known	NOT_REFR_ORG	NOT_REFR_NUM	NULL	F	701_tu
1126	NP_215875.1	NP_215977.1	Known	NOT_REFR_ORG	NOT_REFR_NUM	NULL	F	701_tu
1127	NP_215875.1	NP_215978.1	Known	NOT_REFR_ORG	NOT_REFR_NUM	NULL	F	701_tu
1128	NP_215875.1	NP_215979.1	Known	NOT_REFR_ORG	NOT_REFR_NUM	NULL	F	701_tu
1129	NP_215875.1	NP_215980.1	Known	NOT_REFR_ORG	NOT_REFR_NUM	NULL	F	701_tu
1130	NP_215875.1	NP_215981.1	Known	NOT_REFR_ORG	NOT_REFR_NUM	NULL	F	701_tu
1131	NP_215875.1	NP_215982.1	Known	NOT_REFR_ORG	NOT_REFR_NUM	NULL	F	701_tu
1132	NP_215875.1	NP_217446.2	Known	NOT_REFR_ORG	NOT_REFR_NUM	NULL	F	702_tu
1133	NP_215875.1	NP_217447.1	Known	NOT_REFR_ORG	NOT_REFR_NUM	NULL	F	702_tu
1134	NP_215875.1	NP_217448.1	Known	NOT_REFR_ORG	NOT_REFR_NUM	NULL	F	702_tu
1135	NP_215875.1	NP_217449.1	Known	NOT_REFR_ORG	NOT_REFR_NUM	NULL	F	702_tu
1136	NP_215875.1	NP_217450.1	Known	NOT_REFR_ORG	NOT_REFR_NUM	NULL	F	702_tu
1137	NP_215875.1	NP_217451.1	Known	NOT_REFR_ORG	NOT_REFR_NUM	NULL	F	702_tu
1138	NP_215875.1	NP_217452.1	Known	NOT_REFR_ORG	NOT_REFR_NUM	NULL	F	702_tu
1139	NP_215875.1	NP_217453.1	Known	NOT_REFR_ORG	NOT_REFR_NUM	NULL	F	702_tu
1140	NP_215875.1	NP_217454.1	Known	NOT_REFR_ORG	NOT_REFR_NUM	NULL	F	702_tu
1141	NP_215875.1	NP_217455.1	Known	NOT_REFR_ORG	NOT_REFR_NUM	NULL	F	702_tu
1142	NP_215875.1	NP_217766.1	Known	NOT_REFR_ORG	NOT_REFR_NUM	NULL	R	703_tu
1143	NP_215875.1	NP_217767.1	Known	NOT_REFR_ORG	NOT_REFR_NUM	NULL	R	703_tu
1144	NP_215875.1	NP_217768.1	Known	NOT_REFR_ORG	NOT_REFR_NUM	NULL	R	703_tu
1145	NP_215875.1	NP_217769.1	Known	NOT_REFR_ORG	NOT_REFR_NUM	NULL	R	703_tu
1146	NP_215875.1	NP_218021.1	Known	NOT_REFR_ORG	NOT_REFR_NUM	NULL	F	704_tu
1147	NP_215875.1	NP_218022.1	Known	NOT_REFR_ORG	NOT_REFR_NUM	NULL	F	704_tu
1708	NP_215895.1	NP_215895.1	Known	Bacsu	266	1	F	705_tu
1703	NP_215895.1	NP_215896.1	Known	Bacsu,Staph	264,6	2	F	705_tu
1704	NP_215895.1	NP_215897.1	Known	Bacsu,Staph	1320,4	2	F	705_tu
2613	NP_215895.1	NP_215898.1	Known	NOT_REFR_ORG	NOT_REFR_NUM	NULL	F	705_tu
1705	NP_215895.1	NP_215899.1	Known	Bacsu,Staph	1318,10	2	F	705_tu
1707	NP_215895.1	NP_215901.1	Known	NOT_REFR_ORG	NOT_REFR_NUM	NULL	F	705_tu
124_new	NP_215895.1	NP_216655.1	New	Bacsu	1321	1	F	706_tu
1706	NP_215895.1	YP_177804.1	Known	Bacsu,Staph	1319,8	2	F	705_tu
93	NP_215920.1	NP_215920.1	Known	NOT_REFR_ORG	NOT_REFR_NUM	NULL	F	707_tu
94	NP_215920.1	NP_216447.1	Known	NOT_REFR_ORG	NOT_REFR_NUM	NULL	NOT_STRAND	NOT_TU_REFER
126_new	NP_215991.1	NP_215647.1	New	Bacsu	2145	1	NOT_STRAND	NOT_TU_REFER
127_new	NP_216159.1	NP_216157.1	New	Bacsu	186	1	F	708_tu
128_new	NP_216159.1	NP_216158.1	New	Bacsu	1387	1	F	708_tu
129_new	NP_216159.1	NP_216159.1	New	Bacsu	1385	1	F	708_tu
708_tu	NP_216159.1	NP_216160.1	New	NOT_REFR_ORG	NOT_REFR_NUM	NULL	F	708_tu
130_new	NP_216173.1	NP_215517.1	New	Staph	635	1	F	709_tu
131_new	NP_216173.1	NP_215703.1	New	Bacsu	284	1	F	710_tu
710_tu	NP_216173.1	NP_215704.1	New	NOT_REFR_ORG	NOT_REFR_NUM	NULL	F	710_tu
1865	NP_216173.1	NP_215896.1	Known	NOT_REFR_ORG	NOT_REFR_NUM	NULL	NOT_STRAND	NOT_TU_REFER
1866	NP_216173.1	NP_215897.1	Known	NOT_REFR_ORG	NOT_REFR_NUM	NULL	NOT_STRAND	NOT_TU_REFER
1867	NP_216173.1	NP_215898.1	Known	NOT_REFR_ORG	NOT_REFR_NUM	NULL	NOT_STRAND	NOT_TU_REFER
95	NP_216173.1	NP_215899.1	Known	NOT_REFR_ORG	NOT_REFR_NUM	NULL	NOT_STRAND	NOT_TU_REFER
1870	NP_216173.1	NP_215901.1	Known	NOT_REFR_ORG	NOT_REFR_NUM	NULL	NOT_STRAND	NOT_TU_REFER
96	NP_216173.1	NP_216168.1	Known	Bacsu,Staph	36,639	2	F	711_tu
1868	NP_216173.1	NP_216169.1	Known	Bacsu,Staph	658,644	2	F	711_tu
97	NP_216173.1	NP_216170.1	Known	Bacsu,Staph	649,643	2	F	711_tu
98	NP_216173.1	NP_216171.1	Known	Bacsu,Staph	650,649	2	F	711_tu
99	NP_216173.1	NP_216172.1	Known	Bacsu,Staph	651,636	2	F	711_tu
100	NP_216173.1	NP_216173.1	Known	Staph	650	1	F	711_tu
138_new	NP_216173.1	NP_216174.1	New	Bacsu,Staph	652,642	2	F	711_tu
101	NP_216173.1	NP_216175.1	Known	Bacsu,Staph	653,634	2	F	712_tu
140_new	NP_216173.1	NP_216212.1	New	Staph	646	1	NOT_STRAND	NOT_TU_REFER
1869	NP_216173.1	NP_216656.1	Known	NOT_REFR_ORG	NOT_REFR_NUM	NULL	R	713_tu
141_new	NP_216173.1	NP_217618.1	New	Staph	638	1	NOT_STRAND	NOT_TU_REFER
103	NP_216173.1	YP_177804.1	Known	NOT_REFR_ORG	NOT_REFR_NUM	NULL	NOT_STRAND	NOT_TU_REFER
102	NP_216173.1	YP_177864.1	Known	NOT_REFR_ORG	NOT_REFR_NUM	NULL	R	713_tu
1646	NP_216191.1	NP_214954.1	Known	NOT_REFR_ORG	NOT_REFR_NUM	NULL	F	714_tu
1645	NP_216191.1	NP_215756.1	Known	NOT_REFR_ORG	NOT_REFR_NUM	NULL	F	715_tu
2589	NP_216191.1	NP_215757.1	Known	NOT_REFR_ORG	NOT_REFR_NUM	NULL	F	716_tu
2590	NP_216191.1	NP_215758.1	Known	NOT_REFR_ORG	NOT_REFR_NUM	NULL	F	716_tu
1643	NP_216191.1	NP_215781.1	Known	NOT_REFR_ORG	NOT_REFR_NUM	NULL	F	717_tu
1644	NP_216191.1	NP_217487.1	Known	NOT_REFR_ORG	NOT_REFR_NUM	NULL	NOT_STRAND	NOT_TU_REFER
1647	NP_216191.1	YP_177736.1	Known	NOT_REFR_ORG	NOT_REFR_NUM	NULL	F	718_tu
142_new	NP_216235.1	NP_214777.1	New	Bacsu	1112	1	NOT_STRAND	NOT_TU_REFER
143_new	NP_216235.1	NP_216235.1	New	Bacsu,Ecoli,Salmon	1116,3781,2834	3	NOT_STRAND	NOT_TU_REFER
104	NP_216301.1	NP_214766.1	Known	NOT_REFR_ORG	NOT_REFR_NUM	NULL	F	719_tu
105	NP_216301.1	NP_214767.1	Known	NOT_REFR_ORG	NOT_REFR_NUM	NULL	F	719_tu
1871	NP_216301.1	NP_214982.1	Known	NOT_REFR_ORG	NOT_REFR_NUM	NULL	F	720_tu
111	NP_216301.1	NP_215025.2	Known	NOT_REFR_ORG	NOT_REFR_NUM	NULL	NOT_STRAND	NOT_TU_REFER
1872	NP_216301.1	NP_215642.1	Known	NOT_REFR_ORG	NOT_REFR_NUM	NULL	R	721_tu
107	NP_216301.1	NP_215643.1	Known	NOT_REFR_ORG	NOT_REFR_NUM	NULL	R	721_tu
108	NP_216301.1	NP_215952.1	Known	NOT_REFR_ORG	NOT_REFR_NUM	NULL	F	722_tu
109	NP_216301.1	NP_215953.1	Known	NOT_REFR_ORG	NOT_REFR_NUM	NULL	F	722_tu
1873	NP_216301.1	NP_215954.1	Known	NOT_REFR_ORG	NOT_REFR_NUM	NULL	F	722_tu
110	NP_216301.1	NP_216133.1	Known	NOT_REFR_ORG	NOT_REFR_NUM	NULL	F	723_tu
723_tu	NP_216301.1	NP_216134.1	New	NOT_REFR_ORG	NOT_REFR_NUM	NULL	F	723_tu
723_tu	NP_216301.1	NP_216135.1	New	NOT_REFR_ORG	NOT_REFR_NUM	NULL	F	723_tu
112	NP_216301.1	NP_217511.1	Known	NOT_REFR_ORG	NOT_REFR_NUM	NULL	R	724_tu
106	NP_216301.1	YP_177728.1	Known	NOT_REFR_ORG	NOT_REFR_NUM	NULL	F	725_tu
724_tu	NP_216301.1	YP_177916.1	New	NOT_REFR_ORG	NOT_REFR_NUM	NULL	R	724_tu
1791	NP_216362.1	NP_215819.1	Known	NOT_REFR_ORG	NOT_REFR_NUM	NULL	F	726_tu
1792	NP_216362.1	NP_215820.1	Known	NOT_REFR_ORG	NOT_REFR_NUM	NULL	F	726_tu
1793	NP_216362.1	NP_215821.1	Known	NOT_REFR_ORG	NOT_REFR_NUM	NULL	F	726_tu
1794	NP_216362.1	NP_215822.1	Known	NOT_REFR_ORG	NOT_REFR_NUM	NULL	F	726_tu
1795	NP_216362.1	NP_215823.1	Known	NOT_REFR_ORG	NOT_REFR_NUM	NULL	F	726_tu
1796	NP_216362.1	NP_215824.1	Known	NOT_REFR_ORG	NOT_REFR_NUM	NULL	F	726_tu
1797	NP_216362.1	NP_215825.1	Known	NOT_REFR_ORG	NOT_REFR_NUM	NULL	F	726_tu
1798	NP_216362.1	NP_215826.1	Known	NOT_REFR_ORG	NOT_REFR_NUM	NULL	F	726_tu
1799	NP_216362.1	NP_215827.1	Known	NOT_REFR_ORG	NOT_REFR_NUM	NULL	F	726_tu
1800	NP_216362.1	NP_215828.1	Known	NOT_REFR_ORG	NOT_REFR_NUM	NULL	F	726_tu
1790	NP_216362.1	NP_215972.1	Known	NOT_REFR_ORG	NOT_REFR_NUM	NULL	R	727_tu
2628	NP_216362.1	NP_216359.1	Known	NOT_REFR_ORG	NOT_REFR_NUM	NULL	R	728_tu
2630	NP_216362.1	NP_216361.1	Known	NOT_REFR_ORG	NOT_REFR_NUM	NULL	R	728_tu
1786	NP_216362.1	NP_216362.1	Known	NOT_REFR_ORG	NOT_REFR_NUM	NULL	R	728_tu
1787	NP_216362.1	NP_216363.1	Known	NOT_REFR_ORG	NOT_REFR_NUM	NULL	F	729_tu
729_tu	NP_216362.1	NP_216364.1	New	NOT_REFR_ORG	NOT_REFR_NUM	NULL	F	729_tu
729_tu	NP_216362.1	NP_216365.1	New	NOT_REFR_ORG	NOT_REFR_NUM	NULL	F	729_tu
729_tu	NP_216362.1	NP_216366.1	New	NOT_REFR_ORG	NOT_REFR_NUM	NULL	F	729_tu
729_tu	NP_216362.1	NP_216367.1	New	NOT_REFR_ORG	NOT_REFR_NUM	NULL	F	729_tu
729_tu	NP_216362.1	NP_216368.1	New	NOT_REFR_ORG	NOT_REFR_NUM	NULL	F	729_tu
729_tu	NP_216362.1	NP_216369.1	New	NOT_REFR_ORG	NOT_REFR_NUM	NULL	F	729_tu
2631	NP_216362.1	NP_216583.1	Known	NOT_REFR_ORG	NOT_REFR_NUM	NULL	R	730_tu
1788	NP_216362.1	NP_216584.1	Known	NOT_REFR_ORG	NOT_REFR_NUM	NULL	R	730_tu
1789	NP_216362.1	NP_216585.1	Known	NOT_REFR_ORG	NOT_REFR_NUM	NULL	F	731_tu
2632	NP_216362.1	NP_218434.2	Known	NOT_REFR_ORG	NOT_REFR_NUM	NULL	NOT_STRAND	NOT_TU_REFER
2633	NP_216362.1	NP_218436.2	Known	NOT_REFR_ORG	NOT_REFR_NUM	NULL	NOT_STRAND	NOT_TU_REFER
2634	NP_216362.1	NP_218437.1	Known	NOT_REFR_ORG	NOT_REFR_NUM	NULL	R	732_tu
1801	NP_216362.1	NP_218438.1	Known	NOT_REFR_ORG	NOT_REFR_NUM	NULL	R	733_tu
2635	NP_216362.1	NP_218439.1	Known	NOT_REFR_ORG	NOT_REFR_NUM	NULL	R	733_tu
2636	NP_216362.1	NP_218440.3	Known	NOT_REFR_ORG	NOT_REFR_NUM	NULL	R	733_tu
2637	NP_216362.1	NP_218441.1	Known	NOT_REFR_ORG	NOT_REFR_NUM	NULL	R	733_tu
2629	NP_216362.1	YP_177848.1	Known	NOT_REFR_ORG	NOT_REFR_NUM	NULL	R	728_tu
1874	NP_216425.2	NP_216423.1	Known	NOT_REFR_ORG	NOT_REFR_NUM	NULL	R	734_tu
1875	NP_216425.2	NP_216424.1	Known	NOT_REFR_ORG	NOT_REFR_NUM	NULL	R	734_tu
113	NP_216425.2	NP_216425.2	Known	NOT_REFR_ORG	NOT_REFR_NUM	NULL	R	734_tu
1876	NP_216425.2	NP_216426.1	Known	NOT_REFR_ORG	NOT_REFR_NUM	NULL	R	735_tu
1877	NP_216425.2	NP_216427.1	Known	NOT_REFR_ORG	NOT_REFR_NUM	NULL	R	736_tu
1878	NP_216425.2	NP_216428.1	Known	NOT_REFR_ORG	NOT_REFR_NUM	NULL	R	737_tu
114	NP_216447.1	NP_215184.1	Known	NOT_REFR_ORG	NOT_REFR_NUM	NULL	F	738_tu
738_tu	NP_216447.1	NP_215185.1	New	NOT_REFR_ORG	NOT_REFR_NUM	NULL	F	738_tu
738_tu	NP_216447.1	NP_215186.1	New	NOT_REFR_ORG	NOT_REFR_NUM	NULL	F	738_tu
738_tu	NP_216447.1	NP_215187.1	New	NOT_REFR_ORG	NOT_REFR_NUM	NULL	F	738_tu
738_tu	NP_216447.1	NP_215188.1	New	NOT_REFR_ORG	NOT_REFR_NUM	NULL	F	738_tu
1879	NP_216447.1	NP_215613.1	Known	NOT_REFR_ORG	NOT_REFR_NUM	NULL	R	739_tu
115	NP_216447.1	NP_215614.1	Known	NOT_REFR_ORG	NOT_REFR_NUM	NULL	R	739_tu
1880	NP_216447.1	NP_215615.3	Known	NOT_REFR_ORG	NOT_REFR_NUM	NULL	R	739_tu
116	NP_216447.1	NP_215920.1	Known	NOT_REFR_ORG	NOT_REFR_NUM	NULL	F	740_tu
1881	NP_216447.1	NP_215961.1	Known	NOT_REFR_ORG	NOT_REFR_NUM	NULL	NOT_STRAND	NOT_TU_REFER
1882	NP_216447.1	NP_215962.1	Known	NOT_REFR_ORG	NOT_REFR_NUM	NULL	NOT_STRAND	NOT_TU_REFER
117	NP_216447.1	NP_215963.1	Known	NOT_REFR_ORG	NOT_REFR_NUM	NULL	NOT_STRAND	NOT_TU_REFER
1148	NP_216447.1	NP_215976.2	Known	NOT_REFR_ORG	NOT_REFR_NUM	NULL	F	741_tu
1149	NP_216447.1	NP_215977.1	Known	NOT_REFR_ORG	NOT_REFR_NUM	NULL	F	741_tu
1150	NP_216447.1	NP_215978.1	Known	NOT_REFR_ORG	NOT_REFR_NUM	NULL	F	741_tu
1151	NP_216447.1	NP_215979.1	Known	NOT_REFR_ORG	NOT_REFR_NUM	NULL	F	741_tu
1152	NP_216447.1	NP_215980.1	Known	NOT_REFR_ORG	NOT_REFR_NUM	NULL	F	741_tu
1153	NP_216447.1	NP_215981.1	Known	NOT_REFR_ORG	NOT_REFR_NUM	NULL	F	741_tu
1154	NP_216447.1	NP_215982.1	Known	NOT_REFR_ORG	NOT_REFR_NUM	NULL	F	741_tu
118	NP_216447.1	NP_216447.1	Known	NOT_REFR_ORG	NOT_REFR_NUM	NULL	NOT_STRAND	NOT_TU_REFER
1155	NP_216447.1	NP_218067.1	Known	NOT_REFR_ORG	NOT_REFR_NUM	NULL	F	742_tu
1156	NP_216447.1	NP_218068.1	Known	NOT_REFR_ORG	NOT_REFR_NUM	NULL	F	742_tu
1157	NP_216447.1	NP_218069.1	Known	NOT_REFR_ORG	NOT_REFR_NUM	NULL	F	742_tu
119	NP_216447.1	NP_218363.1	Known	NOT_REFR_ORG	NOT_REFR_NUM	NULL	F	743_tu
738_tu	NP_216447.1	YP_177745.1	New	NOT_REFR_ORG	NOT_REFR_NUM	NULL	F	738_tu
1883	NP_216472.1	NP_216471.2	Known	NOT_REFR_ORG	NOT_REFR_NUM	NULL	F	744_tu
120	NP_216472.1	NP_216472.1	Known	NOT_REFR_ORG	NOT_REFR_NUM	NULL	F	744_tu
1884	NP_216472.1	NP_216473.1	Known	NOT_REFR_ORG	NOT_REFR_NUM	NULL	F	744_tu
1158	NP_216472.1	NP_217446.2	Known	NOT_REFR_ORG	NOT_REFR_NUM	NULL	F	745_tu
1159	NP_216472.1	NP_217447.1	Known	NOT_REFR_ORG	NOT_REFR_NUM	NULL	F	745_tu
1160	NP_216472.1	NP_217448.1	Known	NOT_REFR_ORG	NOT_REFR_NUM	NULL	F	745_tu
1161	NP_216472.1	NP_217449.1	Known	NOT_REFR_ORG	NOT_REFR_NUM	NULL	F	745_tu
1162	NP_216472.1	NP_217450.1	Known	NOT_REFR_ORG	NOT_REFR_NUM	NULL	F	745_tu
1163	NP_216472.1	NP_217451.1	Known	NOT_REFR_ORG	NOT_REFR_NUM	NULL	F	745_tu
1164	NP_216472.1	NP_217452.1	Known	NOT_REFR_ORG	NOT_REFR_NUM	NULL	F	745_tu
1165	NP_216472.1	NP_217453.1	Known	NOT_REFR_ORG	NOT_REFR_NUM	NULL	F	745_tu
1166	NP_216472.1	NP_217454.1	Known	NOT_REFR_ORG	NOT_REFR_NUM	NULL	F	745_tu
1167	NP_216472.1	NP_217455.1	Known	NOT_REFR_ORG	NOT_REFR_NUM	NULL	F	745_tu
1169	NP_216472.1	NP_217766.1	Known	NOT_REFR_ORG	NOT_REFR_NUM	NULL	R	746_tu
1170	NP_216472.1	NP_217767.1	Known	NOT_REFR_ORG	NOT_REFR_NUM	NULL	R	746_tu
1171	NP_216472.1	NP_217768.1	Known	NOT_REFR_ORG	NOT_REFR_NUM	NULL	R	746_tu
1172	NP_216472.1	NP_217769.1	Known	NOT_REFR_ORG	NOT_REFR_NUM	NULL	R	746_tu
1173	NP_216472.1	NP_218054.1	Known	NOT_REFR_ORG	NOT_REFR_NUM	NULL	F	747_tu
1175	NP_216472.1	NP_218060.1	Known	NOT_REFR_ORG	NOT_REFR_NUM	NULL	NOT_STRAND	NOT_TU_REFER
1176	NP_216472.1	NP_218061.1	Known	NOT_REFR_ORG	NOT_REFR_NUM	NULL	NOT_STRAND	NOT_TU_REFER
1177	NP_216472.1	NP_218062.1	Known	NOT_REFR_ORG	NOT_REFR_NUM	NULL	NOT_STRAND	NOT_TU_REFER
1178	NP_216472.1	NP_218067.1	Known	NOT_REFR_ORG	NOT_REFR_NUM	NULL	F	748_tu
1179	NP_216472.1	NP_218068.1	Known	NOT_REFR_ORG	NOT_REFR_NUM	NULL	F	748_tu
1180	NP_216472.1	NP_218069.1	Known	NOT_REFR_ORG	NOT_REFR_NUM	NULL	F	748_tu
1168	NP_216472.1	YP_177940.1	Known	NOT_REFR_ORG	NOT_REFR_NUM	NULL	R	749_tu
1174	NP_216472.1	YP_177986.1	Known	NOT_REFR_ORG	NOT_REFR_NUM	NULL	F	747_tu
1743	NP_216479.1	NP_214560.1	Known	NOT_REFR_ORG	NOT_REFR_NUM	NULL	R	750_tu
2618	NP_216479.1	NP_214561.1	Known	NOT_REFR_ORG	NOT_REFR_NUM	NULL	R	750_tu
754_tu	NP_216479.1	NP_214749.1	New	NOT_REFR_ORG	NOT_REFR_NUM	NULL	R	754_tu
754_tu	NP_216479.1	NP_214750.1	New	NOT_REFR_ORG	NOT_REFR_NUM	NULL	R	754_tu
1742	NP_216479.1	NP_215839.1	Known	NOT_REFR_ORG	NOT_REFR_NUM	NULL	F	751_tu
2619	NP_216479.1	NP_215931.1	Known	NOT_REFR_ORG	NOT_REFR_NUM	NULL	F	752_tu
1744	NP_216479.1	NP_215932.2	Known	NOT_REFR_ORG	NOT_REFR_NUM	NULL	F	752_tu
752_tu	NP_216479.1	NP_215933.1	New	NOT_REFR_ORG	NOT_REFR_NUM	NULL	F	752_tu
752_tu	NP_216479.1	NP_215934.1	New	NOT_REFR_ORG	NOT_REFR_NUM	NULL	F	752_tu
1739	NP_216479.1	NP_216014.1	Known	NOT_REFR_ORG	NOT_REFR_NUM	NULL	R	753_tu
1741	NP_216479.1	NP_216247.2	Known	NOT_REFR_ORG	NOT_REFR_NUM	NULL	R	754_tu
1718	NP_216479.1	NP_216446.1	Known	NOT_REFR_ORG	NOT_REFR_NUM	NULL	NOT_STRAND	NOT_TU_REFER
1719	NP_216479.1	NP_216447.1	Known	NOT_REFR_ORG	NOT_REFR_NUM	NULL	NOT_STRAND	NOT_TU_REFER
1720	NP_216479.1	NP_216449.1	Known	NOT_REFR_ORG	NOT_REFR_NUM	NULL	R	755_tu
1721	NP_216479.1	NP_216450.1	Known	NOT_REFR_ORG	NOT_REFR_NUM	NULL	R	755_tu
1722	NP_216479.1	NP_216451.1	Known	NOT_REFR_ORG	NOT_REFR_NUM	NULL	R	755_tu
1738	NP_216479.1	NP_216452.1	Known	NOT_REFR_ORG	NOT_REFR_NUM	NULL	F	756_tu
1723	NP_216479.1	NP_216453.1	Known	NOT_REFR_ORG	NOT_REFR_NUM	NULL	F	756_tu
1724	NP_216479.1	NP_216454.1	Known	NOT_REFR_ORG	NOT_REFR_NUM	NULL	F	756_tu
1725	NP_216479.1	NP_216455.1	Known	NOT_REFR_ORG	NOT_REFR_NUM	NULL	F	756_tu
1727	NP_216479.1	NP_216457.1	Known	NOT_REFR_ORG	NOT_REFR_NUM	NULL	F	756_tu
1728	NP_216479.1	NP_216458.1	Known	NOT_REFR_ORG	NOT_REFR_NUM	NULL	R	757_tu
1729	NP_216479.1	NP_216459.1	Known	NOT_REFR_ORG	NOT_REFR_NUM	NULL	R	757_tu
757_tu	NP_216479.1	NP_216460.1	New	NOT_REFR_ORG	NOT_REFR_NUM	NULL	R	757_tu
1730	NP_216479.1	NP_216480.1	Known	NOT_REFR_ORG	NOT_REFR_NUM	NULL	F	758_tu
1731	NP_216479.1	NP_216481.1	Known	NOT_REFR_ORG	NOT_REFR_NUM	NULL	F	758_tu
1732	NP_216479.1	NP_216483.1	Known	NOT_REFR_ORG	NOT_REFR_NUM	NULL	F	758_tu
2615	NP_216479.1	NP_216484.1	Known	NOT_REFR_ORG	NOT_REFR_NUM	NULL	F	758_tu
2616	NP_216479.1	NP_216485.1	Known	NOT_REFR_ORG	NOT_REFR_NUM	NULL	F	758_tu
1733	NP_216479.1	NP_216486.1	Known	NOT_REFR_ORG	NOT_REFR_NUM	NULL	F	758_tu
1734	NP_216479.1	NP_216487.1	Known	NOT_REFR_ORG	NOT_REFR_NUM	NULL	F	758_tu
1735	NP_216479.1	NP_216488.1	Known	NOT_REFR_ORG	NOT_REFR_NUM	NULL	F	758_tu
1736	NP_216479.1	NP_216489.1	Known	NOT_REFR_ORG	NOT_REFR_NUM	NULL	F	758_tu
2617	NP_216479.1	NP_216490.1	Known	NOT_REFR_ORG	NOT_REFR_NUM	NULL	F	758_tu
1737	NP_216479.1	NP_216491.1	Known	NOT_REFR_ORG	NOT_REFR_NUM	NULL	F	758_tu
1740	NP_216479.1	NP_216831.1	Known	NOT_REFR_ORG	NOT_REFR_NUM	NULL	NOT_STRAND	NOT_TU_REFER
754_tu	NP_216479.1	YP_177619.1	New	NOT_REFR_ORG	NOT_REFR_NUM	NULL	R	754_tu
1726	NP_216479.1	YP_177851.1	Known	NOT_REFR_ORG	NOT_REFR_NUM	NULL	F	756_tu
2614	NP_216479.1	YP_177852.1	Known	NOT_REFR_ORG	NOT_REFR_NUM	NULL	F	758_tu
121	NP_216501.1	NP_214515.1	Known	NOT_REFR_ORG	NOT_REFR_NUM	NULL	F	759_tu
122	NP_216501.1	NP_214516.1	Known	Ecoli	272	1	F	760_tu
123	NP_216501.1	NP_214517.1	Known	Ecoli	279	1	F	760_tu
760_tu	NP_216501.1	NP_214518.1	New	NOT_REFR_ORG	NOT_REFR_NUM	NULL	F	760_tu
146_new	NP_216501.1	NP_215002.1	New	Ecoli	267	1	F	761_tu
147_new	NP_216501.1	NP_215809.1	New	Ecoli	274	1	NOT_STRAND	NOT_TU_REFER
148_new	NP_216501.1	NP_216501.1	New	Ecoli	268	1	R	762_tu
149_new	NP_216501.1	NP_217289.1	New	Ecoli	269	1	NOT_STRAND	NOT_TU_REFER
150_new	NP_216501.1	NP_218226.1	New	Ecoli	275	1	NOT_STRAND	NOT_TU_REFER
1181	NP_216506.1	NP_214954.1	Known	NOT_REFR_ORG	NOT_REFR_NUM	NULL	F	763_tu
151_new	NP_216510.1	NP_215590.1	New	Bacsu	889	1	R	764_tu
764_tu	NP_216510.1	NP_215591.1	New	NOT_REFR_ORG	NOT_REFR_NUM	NULL	R	764_tu
152_new	NP_216510.1	NP_215704.1	New	Bacsu	899	1	NOT_STRAND	NOT_TU_REFER
1885	NP_216510.1	NP_216508.1	Known	NOT_REFR_ORG	NOT_REFR_NUM	NULL	R	765_tu
1886	NP_216510.1	NP_216509.1	Known	NOT_REFR_ORG	NOT_REFR_NUM	NULL	R	765_tu
124	NP_216510.1	NP_216510.1	Known	Bacsu	308	1	R	765_tu
1183	NP_216533.1	NP_214982.1	Known	NOT_REFR_ORG	NOT_REFR_NUM	NULL	F	766_tu
1184	NP_216533.1	NP_217648.1	Known	NOT_REFR_ORG	NOT_REFR_NUM	NULL	R	767_tu
1185	NP_216533.1	NP_217649.1	Known	NOT_REFR_ORG	NOT_REFR_NUM	NULL	R	767_tu
1186	NP_216533.1	NP_217650.1	Known	NOT_REFR_ORG	NOT_REFR_NUM	NULL	R	767_tu
1187	NP_216533.1	NP_218060.1	Known	NOT_REFR_ORG	NOT_REFR_NUM	NULL	NOT_STRAND	NOT_TU_REFER
1188	NP_216533.1	NP_218061.1	Known	NOT_REFR_ORG	NOT_REFR_NUM	NULL	NOT_STRAND	NOT_TU_REFER
1189	NP_216533.1	NP_218062.1	Known	NOT_REFR_ORG	NOT_REFR_NUM	NULL	NOT_STRAND	NOT_TU_REFER
1182	NP_216533.1	YP_177728.1	Known	NOT_REFR_ORG	NOT_REFR_NUM	NULL	F	768_tu
1190	NP_216537.1	NP_214954.1	Known	NOT_REFR_ORG	NOT_REFR_NUM	NULL	F	769_tu
1191	NP_216537.1	NP_215065.1	Known	NOT_REFR_ORG	NOT_REFR_NUM	NULL	R	770_tu
1192	NP_216537.1	NP_217106.1	Known	NOT_REFR_ORG	NOT_REFR_NUM	NULL	F	771_tu
1193	NP_216537.1	NP_217934.1	Known	NOT_REFR_ORG	NOT_REFR_NUM	NULL	R	772_tu
1194	NP_216537.1	NP_217935.1	Known	NOT_REFR_ORG	NOT_REFR_NUM	NULL	R	773_tu
1195	NP_216537.1	NP_218054.1	Known	NOT_REFR_ORG	NOT_REFR_NUM	NULL	F	774_tu
1330	NP_216537.1	NP_218391.1	Known	NOT_REFR_ORG	NOT_REFR_NUM	NULL	F	775_tu
1196	NP_216537.1	YP_177986.1	Known	NOT_REFR_ORG	NOT_REFR_NUM	NULL	F	774_tu
1331	NP_216537.1	YP_178023.1	Known	NOT_REFR_ORG	NOT_REFR_NUM	NULL	F	775_tu
1197	NP_216550.1	NP_214758.1	Known	NOT_REFR_ORG	NOT_REFR_NUM	NULL	R	776_tu
1198	NP_216550.1	NP_214864.1	Known	NOT_REFR_ORG	NOT_REFR_NUM	NULL	F	777_tu
1199	NP_216550.1	NP_214865.1	Known	NOT_REFR_ORG	NOT_REFR_NUM	NULL	F	777_tu
1201	NP_216550.1	NP_214867.1	Known	NOT_REFR_ORG	NOT_REFR_NUM	NULL	F	777_tu
1202	NP_216550.1	NP_214954.1	Known	NOT_REFR_ORG	NOT_REFR_NUM	NULL	F	778_tu
1203	NP_216550.1	NP_215610.1	Known	NOT_REFR_ORG	NOT_REFR_NUM	NULL	F	779_tu
1204	NP_216550.1	NP_216423.1	Known	NOT_REFR_ORG	NOT_REFR_NUM	NULL	R	780_tu
1205	NP_216550.1	NP_216424.1	Known	NOT_REFR_ORG	NOT_REFR_NUM	NULL	R	780_tu
1206	NP_216550.1	NP_216425.2	Known	NOT_REFR_ORG	NOT_REFR_NUM	NULL	R	780_tu
1207	NP_216550.1	NP_216426.1	Known	NOT_REFR_ORG	NOT_REFR_NUM	NULL	R	781_tu
1208	NP_216550.1	NP_216427.1	Known	NOT_REFR_ORG	NOT_REFR_NUM	NULL	R	782_tu
1209	NP_216550.1	NP_216428.1	Known	NOT_REFR_ORG	NOT_REFR_NUM	NULL	R	783_tu
2347	NP_216550.1	NP_216544.1	Known	NOT_REFR_ORG	NOT_REFR_NUM	NULL	NOT_STRAND	NOT_TU_REFER
2348	NP_216550.1	NP_216545.1	Known	NOT_REFR_ORG	NOT_REFR_NUM	NULL	NOT_STRAND	NOT_TU_REFER
2349	NP_216550.1	NP_216546.1	Known	NOT_REFR_ORG	NOT_REFR_NUM	NULL	NOT_STRAND	NOT_TU_REFER
1332	NP_216550.1	NP_216547.1	Known	NOT_REFR_ORG	NOT_REFR_NUM	NULL	NOT_STRAND	NOT_TU_REFER
1211	NP_216550.1	NP_218021.1	Known	NOT_REFR_ORG	NOT_REFR_NUM	NULL	F	784_tu
1212	NP_216550.1	NP_218022.1	Known	NOT_REFR_ORG	NOT_REFR_NUM	NULL	F	784_tu
1213	NP_216550.1	NP_218060.1	Known	NOT_REFR_ORG	NOT_REFR_NUM	NULL	NOT_STRAND	NOT_TU_REFER
1214	NP_216550.1	NP_218061.1	Known	NOT_REFR_ORG	NOT_REFR_NUM	NULL	NOT_STRAND	NOT_TU_REFER
1215	NP_216550.1	NP_218062.1	Known	NOT_REFR_ORG	NOT_REFR_NUM	NULL	NOT_STRAND	NOT_TU_REFER
1200	NP_216550.1	YP_177719.1	Known	NOT_REFR_ORG	NOT_REFR_NUM	NULL	F	777_tu
1210	NP_216550.1	YP_177940.1	Known	NOT_REFR_ORG	NOT_REFR_NUM	NULL	R	785_tu
154_new	NP_216682.1	NP_216666.1	New	Ecoli	2683	1	NOT_STRAND	NOT_TU_REFER
155_new	NP_216682.1	NP_216668.1	New	Ecoli	2688	1	NOT_STRAND	NOT_TU_REFER
156_new	NP_216682.1	NP_216669.1	New	Ecoli	2692	1	NOT_STRAND	NOT_TU_REFER
157_new	NP_216682.1	NP_216671.3	New	Ecoli	2689	1	NOT_STRAND	NOT_TU_REFER
158_new	NP_216682.1	NP_216672.1	New	Ecoli	2686	1	NOT_STRAND	NOT_TU_REFER
159_new	NP_216682.1	NP_216673.1	New	Ecoli	2691	1	NOT_STRAND	NOT_TU_REFER
160_new	NP_216682.1	NP_216674.1	New	Ecoli	2690	1	NOT_STRAND	NOT_TU_REFER
161_new	NP_216682.1	NP_216679.1	New	Ecoli	2679	1	R	786_tu
786_tu	NP_216682.1	NP_216680.1	New	NOT_REFR_ORG	NOT_REFR_NUM	NULL	R	786_tu
162_new	NP_216682.1	NP_216681.4	New	Ecoli	2693	1	R	786_tu
163_new	NP_216682.1	NP_216682.1	New	Ecoli	2687	1	R	786_tu
164_new	NP_216682.1	NP_217503.1	New	Salmon	1020	1	R	787_tu
787_tu	NP_216682.1	NP_217504.1	New	NOT_REFR_ORG	NOT_REFR_NUM	NULL	R	787_tu
1217	NP_216691.1	NP_218067.1	Known	NOT_REFR_ORG	NOT_REFR_NUM	NULL	F	788_tu
1218	NP_216691.1	NP_218068.1	Known	NOT_REFR_ORG	NOT_REFR_NUM	NULL	F	788_tu
1219	NP_216691.1	NP_218069.1	Known	NOT_REFR_ORG	NOT_REFR_NUM	NULL	F	788_tu
1216	NP_216691.1	YP_177729.1	Known	NOT_REFR_ORG	NOT_REFR_NUM	NULL	F	789_tu
165_new	NP_216729.1	NP_215899.1	New	Ecoli,Salmon	3208,2580	2	NOT_STRAND	NOT_TU_REFER
166_new	NP_216729.1	NP_216729.1	New	Ecoli	3210	1	NOT_STRAND	NOT_TU_REFER
167_new	NP_216729.1	YP_177804.1	New	Ecoli,Salmon	3209,2581	2	NOT_STRAND	NOT_TU_REFER
168_new	NP_216840.1	NP_216840.1	New	Bacsu	2727	1	F	790_tu
125	NP_216874.1	NP_216874.1	Known	NOT_REFR_ORG	NOT_REFR_NUM	NULL	F	791_tu
126	NP_216874.1	NP_216875.1	Known	NOT_REFR_ORG	NOT_REFR_NUM	NULL	F	791_tu
128	NP_216875.1	NP_214620.1	Known	NOT_REFR_ORG	NOT_REFR_NUM	NULL	F	792_tu
169_new	NP_216875.1	NP_214631.1	New	Ecoli	1990	1	F	793_tu
170_new	NP_216875.1	NP_214639.1	New	Salmon	689	1	F	794_tu
129	NP_216875.1	NP_214746.1	Known	NOT_REFR_ORG	NOT_REFR_NUM	NULL	F	795_tu
1887	NP_216875.1	NP_214747.1	Known	NOT_REFR_ORG	NOT_REFR_NUM	NULL	F	795_tu
171_new	NP_216875.1	NP_214766.1	New	Bacsu	2028	1	F	796_tu
796_tu	NP_216875.1	NP_214767.1	New	NOT_REFR_ORG	NOT_REFR_NUM	NULL	F	796_tu
131	NP_216875.1	NP_214795.1	Known	NOT_REFR_ORG	NOT_REFR_NUM	NULL	F	843_tu
132	NP_216875.1	NP_214796.1	Known	NOT_REFR_ORG	NOT_REFR_NUM	NULL	F	797_tu
133	NP_216875.1	NP_214797.1	Known	NOT_REFR_ORG	NOT_REFR_NUM	NULL	F	797_tu
134	NP_216875.1	NP_214798.1	Known	NOT_REFR_ORG	NOT_REFR_NUM	NULL	F	797_tu
137	NP_216875.1	NP_214801.1	Known	NOT_REFR_ORG	NOT_REFR_NUM	NULL	F	797_tu
138	NP_216875.1	NP_214802.1	Known	NOT_REFR_ORG	NOT_REFR_NUM	NULL	F	797_tu
139	NP_216875.1	NP_214803.1	Known	NOT_REFR_ORG	NOT_REFR_NUM	NULL	F	797_tu
140	NP_216875.1	NP_214804.1	Known	NOT_REFR_ORG	NOT_REFR_NUM	NULL	F	797_tu
141	NP_216875.1	NP_214805.1	Known	NOT_REFR_ORG	NOT_REFR_NUM	NULL	F	797_tu
142	NP_216875.1	NP_214806.1	Known	NOT_REFR_ORG	NOT_REFR_NUM	NULL	F	797_tu
172_new	NP_216875.1	NP_214906.1	New	Ecoli	1991	1	R	798_tu
173_new	NP_216875.1	NP_214947.1	New	Salmon	701	1	NOT_STRAND	NOT_TU_REFER
174_new	NP_216875.1	NP_214976.1	New	Ecoli,Ecoli	1984,1985	1	NOT_STRAND	NOT_TU_REFER
175_new	NP_216875.1	NP_215155.1	New	Pseudo	622	1	NOT_STRAND	NOT_TU_REFER
176_new	NP_216875.1	NP_215165.1	New	Pseudo	623	1	F	799_tu
177_new	NP_216875.1	NP_215166.1	New	Pseudo	624	1	F	799_tu
178_new	NP_216875.1	NP_215201.1	New	Bacsu	110	1	F	800_tu
800_tu	NP_216875.1	NP_215202.1	New	NOT_REFR_ORG	NOT_REFR_NUM	NULL	F	800_tu
179_new	NP_216875.1	NP_215265.1	New	Ecoli,Salmon	1957,762	2	R	801_tu
801_tu	NP_216875.1	NP_215266.1	New	NOT_REFR_ORG	NOT_REFR_NUM	NULL	R	801_tu
801_tu	NP_216875.1	NP_215267.1	New	NOT_REFR_ORG	NOT_REFR_NUM	NULL	R	801_tu
845_tu	NP_216875.1	NP_215364.1	New	NOT_REFR_ORG	NOT_REFR_NUM	NULL	F	845_tu
180_new	NP_216875.1	NP_215466.1	New	Ecoli	2018	1	F	802_tu
181_new	NP_216875.1	NP_215467.1	New	Ecoli	2019	1	F	802_tu
182_new	NP_216875.1	NP_215614.1	New	Ecoli	1952	1	NOT_STRAND	NOT_TU_REFER
1889	NP_216875.1	NP_215713.1	Known	NOT_REFR_ORG	NOT_REFR_NUM	NULL	F	803_tu
1890	NP_216875.1	NP_215714.1	Known	NOT_REFR_ORG	NOT_REFR_NUM	NULL	F	803_tu
183_new	NP_216875.1	NP_215764.2	New	Ecoli,Salmon	2016,723	2	R	804_tu
184_new	NP_216875.1	NP_215798.1	New	Ecoli	2001	1	NOT_STRAND	NOT_TU_REFER
185_new	NP_216875.1	NP_215899.1	New	Salmon	646	1	NOT_STRAND	NOT_TU_REFER
186_new	NP_216875.1	NP_215963.1	New	Ecoli	2034	1	NOT_STRAND	NOT_TU_REFER
187_new	NP_216875.1	NP_215967.1	New	Ecoli,Salmon	1911,696	2	F	805_tu
188_new	NP_216875.1	NP_215979.1	New	Ecoli,Salmon	2022,730	2	NOT_STRAND	NOT_TU_REFER
189_new	NP_216875.1	NP_215980.1	New	Ecoli,Salmon	2025,732	2	NOT_STRAND	NOT_TU_REFER
190_new	NP_216875.1	NP_215991.1	New	Staph	441	1	NOT_STRAND	NOT_TU_REFER
144	NP_216875.1	NP_216363.1	Known	Ecoli,Salmon	1918,717	2	F	806_tu
806_tu	NP_216875.1	NP_216364.1	New	NOT_REFR_ORG	NOT_REFR_NUM	NULL	F	806_tu
806_tu	NP_216875.1	NP_216365.1	New	NOT_REFR_ORG	NOT_REFR_NUM	NULL	F	806_tu
806_tu	NP_216875.1	NP_216366.1	New	NOT_REFR_ORG	NOT_REFR_NUM	NULL	F	806_tu
806_tu	NP_216875.1	NP_216367.1	New	NOT_REFR_ORG	NOT_REFR_NUM	NULL	F	806_tu
806_tu	NP_216875.1	NP_216368.1	New	NOT_REFR_ORG	NOT_REFR_NUM	NULL	F	806_tu
806_tu	NP_216875.1	NP_216369.1	New	NOT_REFR_ORG	NOT_REFR_NUM	NULL	F	806_tu
145	NP_216875.1	NP_216373.1	Known	NOT_REFR_ORG	NOT_REFR_NUM	NULL	F	807_tu
807_tu	NP_216875.1	NP_216374.1	New	NOT_REFR_ORG	NOT_REFR_NUM	NULL	F	807_tu
807_tu	NP_216875.1	NP_216375.1	New	NOT_REFR_ORG	NOT_REFR_NUM	NULL	F	807_tu
146	NP_216875.1	NP_216386.1	Known	NOT_REFR_ORG	NOT_REFR_NUM	NULL	R	808_tu
1891	NP_216875.1	NP_216387.1	Known	NOT_REFR_ORG	NOT_REFR_NUM	NULL	R	808_tu
1892	NP_216875.1	NP_216388.1	Known	NOT_REFR_ORG	NOT_REFR_NUM	NULL	R	808_tu
192_new	NP_216875.1	NP_216424.1	New	Ecoli	1983	1	NOT_STRAND	NOT_TU_REFER
147	NP_216875.1	NP_216444.1	Known	NOT_REFR_ORG	NOT_REFR_NUM	NULL	R	809_tu
1893	NP_216875.1	NP_216445.1	Known	NOT_REFR_ORG	NOT_REFR_NUM	NULL	R	809_tu
809_tu	NP_216875.1	NP_216446.1	New	NOT_REFR_ORG	NOT_REFR_NUM	NULL	R	809_tu
809_tu	NP_216875.1	NP_216447.1	New	NOT_REFR_ORG	NOT_REFR_NUM	NULL	R	809_tu
148	NP_216875.1	NP_216461.1	Known	NOT_REFR_ORG	NOT_REFR_NUM	NULL	F	810_tu
149	NP_216875.1	NP_216571.1	Known	NOT_REFR_ORG	NOT_REFR_NUM	NULL	R	811_tu
150	NP_216875.1	NP_216572.1	Known	NOT_REFR_ORG	NOT_REFR_NUM	NULL	R	811_tu
152	NP_216875.1	NP_216574.1	Known	NOT_REFR_ORG	NOT_REFR_NUM	NULL	R	811_tu
153	NP_216875.1	NP_216575.1	Known	NOT_REFR_ORG	NOT_REFR_NUM	NULL	F	812_tu
154	NP_216875.1	NP_216576.1	Known	NOT_REFR_ORG	NOT_REFR_NUM	NULL	F	812_tu
193_new	NP_216875.1	NP_216640.1	New	Ecoli,Salmon	1986,770	2	R	813_tu
194_new	NP_216875.1	NP_216709.1	New	Ecoli,Salmon	1909,698	2	F	814_tu
814_tu	NP_216875.1	NP_216710.1	New	NOT_REFR_ORG	NOT_REFR_NUM	NULL	F	814_tu
814_tu	NP_216875.1	NP_216711.1	New	NOT_REFR_ORG	NOT_REFR_NUM	NULL	F	814_tu
814_tu	NP_216875.1	NP_216712.1	New	NOT_REFR_ORG	NOT_REFR_NUM	NULL	F	814_tu
195_new	NP_216875.1	NP_216721.2	New	Ecoli,Salmon	1954,761	2	R	815_tu
196_new	NP_216875.1	NP_216731.1	New	Ecoli,Salmon	2017,724	2	F	816_tu
816_tu	NP_216875.1	NP_216732.1	New	NOT_REFR_ORG	NOT_REFR_NUM	NULL	F	816_tu
816_tu	NP_216875.1	NP_216733.1	New	NOT_REFR_ORG	NOT_REFR_NUM	NULL	F	816_tu
816_tu	NP_216875.1	NP_216734.1	New	NOT_REFR_ORG	NOT_REFR_NUM	NULL	F	816_tu
816_tu	NP_216875.1	NP_216735.1	New	NOT_REFR_ORG	NOT_REFR_NUM	NULL	F	816_tu
197_new	NP_216875.1	NP_216750.1	New	Salmon	671	1	NOT_STRAND	NOT_TU_REFER
198_new	NP_216875.1	NP_216798.1	New	Salmon	674	1	R	817_tu
1894	NP_216875.1	NP_216874.1	Known	NOT_REFR_ORG	NOT_REFR_NUM	NULL	F	818_tu
155	NP_216875.1	NP_216875.1	Known	Ecoli,Pseudo,Pseudo,Pseudo,Salmon	1953,593,625,626,718	3	F	818_tu
200_new	NP_216875.1	NP_216893.1	New	Ecoli,Salmon	2029,705	2	R	819_tu
819_tu	NP_216875.1	NP_216894.1	New	NOT_REFR_ORG	NOT_REFR_NUM	NULL	R	819_tu
201_new	NP_216875.1	NP_216895.1	New	Salmon	706	1	R	819_tu
819_tu	NP_216875.1	NP_216896.3	New	NOT_REFR_ORG	NOT_REFR_NUM	NULL	R	819_tu
156	NP_216875.1	NP_216900.1	Known	Bacsu,Ecoli,Pseudo,Salmon	818,1916,604,714	4	F	820_tu
203_new	NP_216875.1	NP_217021.1	New	Salmon	727	1	R	821_tu
204_new	NP_216875.1	NP_217226.1	New	Ecoli	2008	1	F	822_tu
205_new	NP_216875.1	NP_217249.1	New	Bacsu	2601	1	NOT_STRAND	NOT_TU_REFER
1895	NP_216875.1	NP_217309.1	Known	NOT_REFR_ORG	NOT_REFR_NUM	NULL	R	823_tu
157	NP_216875.1	NP_217310.1	Known	NOT_REFR_ORG	NOT_REFR_NUM	NULL	R	823_tu
1896	NP_216875.1	NP_217311.1	Known	NOT_REFR_ORG	NOT_REFR_NUM	NULL	R	823_tu
206_new	NP_216875.1	NP_217436.1	New	Ecoli,Ecoli	1903,1904	1	NOT_STRAND	NOT_TU_REFER
207_new	NP_216875.1	NP_217444.1	New	Pseudo	603	1	F	824_tu
824_tu	NP_216875.1	NP_217445.1	New	NOT_REFR_ORG	NOT_REFR_NUM	NULL	F	824_tu
158	NP_216875.1	NP_217506.1	Known	NOT_REFR_ORG	NOT_REFR_NUM	NULL	R	825_tu
159	NP_216875.1	NP_217533.1	Known	NOT_REFR_ORG	NOT_REFR_NUM	NULL	R	826_tu
160	NP_216875.1	NP_217535.1	Known	NOT_REFR_ORG	NOT_REFR_NUM	NULL	R	827_tu
208_new	NP_216875.1	NP_217544.1	New	Salmon	658	1	R	828_tu
828_tu	NP_216875.1	NP_217545.1	New	NOT_REFR_ORG	NOT_REFR_NUM	NULL	R	828_tu
209_new	NP_216875.1	NP_217557.1	New	Ecoli	1942	1	NOT_STRAND	NOT_TU_REFER
210_new	NP_216875.1	NP_217559.1	New	Ecoli,Salmon	1908,699	2	NOT_STRAND	NOT_TU_REFER
211_new	NP_216875.1	NP_217560.1	New	Bacsu	392	1	F	829_tu
829_tu	NP_216875.1	NP_217561.1	New	NOT_REFR_ORG	NOT_REFR_NUM	NULL	F	829_tu
212_new	NP_216875.1	NP_217567.1	New	Ecoli	1994	1	R	830_tu
213_new	NP_216875.1	NP_217568.1	New	Ecoli	1997	1	R	830_tu
214_new	NP_216875.1	NP_217569.1	New	Ecoli	1996	1	R	830_tu
162	NP_216875.1	NP_217731.1	Known	Bacsu,Ecoli,Salmon	816,1914,713	3	NOT_STRAND	NOT_TU_REFER
1898	NP_216875.1	NP_217747.1	Known	NOT_REFR_ORG	NOT_REFR_NUM	NULL	R	831_tu
216_new	NP_216875.1	NP_217835.1	New	Ecoli,Salmon	2009,721	2	F	832_tu
217_new	NP_216875.1	NP_217836.1	New	Ecoli,Salmon	2010,722	2	F	832_tu
164	NP_216875.1	NP_218129.1	Known	NOT_REFR_ORG	NOT_REFR_NUM	NULL	R	833_tu
1899	NP_216875.1	NP_218130.1	Known	NOT_REFR_ORG	NOT_REFR_NUM	NULL	R	833_tu
1900	NP_216875.1	NP_218131.1	Known	NOT_REFR_ORG	NOT_REFR_NUM	NULL	R	834_tu
1901	NP_216875.1	NP_218132.1	Known	NOT_REFR_ORG	NOT_REFR_NUM	NULL	R	835_tu
1902	NP_216875.1	NP_218133.1	Known	NOT_REFR_ORG	NOT_REFR_NUM	NULL	R	836_tu
218_new	NP_216875.1	NP_218183.1	New	Salmon,Salmon	669,736	1	NOT_STRAND	NOT_TU_REFER
219_new	NP_216875.1	NP_218298.1	New	Salmon	655	1	NOT_STRAND	NOT_TU_REFER
220_new	NP_216875.1	NP_218300.1	New	Salmon	654	1	NOT_STRAND	NOT_TU_REFER
221_new	NP_216875.1	NP_218358.1	New	Staph	449	1	F	837_tu
165	NP_216875.1	NP_218363.1	Known	Ecoli,Salmon	2013,768	2	F	838_tu
223_new	NP_216875.1	NP_218375.1	New	Ecoli	1964	1	R	839_tu
224_new	NP_216875.1	NP_218376.1	New	Ecoli	1963	1	R	839_tu
225_new	NP_216875.1	NP_218430.1	New	Staph	424	1	F	840_tu
840_tu	NP_216875.1	NP_218431.1	New	NOT_REFR_ORG	NOT_REFR_NUM	NULL	F	840_tu
1897	NP_216875.1	YP_177685.1	Known	NOT_REFR_ORG	NOT_REFR_NUM	NULL	R	841_tu
127	NP_216875.1	YP_177691.1	Known	NOT_REFR_ORG	NOT_REFR_NUM	NULL	R	842_tu
130	NP_216875.1	YP_177709.1	Known	NOT_REFR_ORG	NOT_REFR_NUM	NULL	F	843_tu
135	NP_216875.1	YP_177710.1	Known	NOT_REFR_ORG	NOT_REFR_NUM	NULL	F	797_tu
136	NP_216875.1	YP_177711.1	Known	NOT_REFR_ORG	NOT_REFR_NUM	NULL	F	797_tu
226_new	NP_216875.1	YP_177731.1	New	Ecoli,Salmon	1967,725	2	F	844_tu
227_new	NP_216875.1	YP_177762.1	New	Staph	434	1	F	845_tu
228_new	NP_216875.1	YP_177767.1	New	Ecoli,Salmon	1988,743	2	NOT_STRAND	NOT_TU_REFER
143	NP_216875.1	YP_177794.1	Known	NOT_REFR_ORG	NOT_REFR_NUM	NULL	F	846_tu
1888	NP_216875.1	YP_177795.1	Known	NOT_REFR_ORG	NOT_REFR_NUM	NULL	F	846_tu
229_new	NP_216875.1	YP_177804.1	New	Salmon	647	1	NOT_STRAND	NOT_TU_REFER
230_new	NP_216875.1	YP_177848.1	New	Ecoli	1966	1	NOT_STRAND	NOT_TU_REFER
807_tu	NP_216875.1	YP_177849.1	New	NOT_REFR_ORG	NOT_REFR_NUM	NULL	F	807_tu
151	NP_216875.1	YP_177856.1	Known	NOT_REFR_ORG	NOT_REFR_NUM	NULL	R	811_tu
161	NP_216875.1	YP_177919.1	Known	NOT_REFR_ORG	NOT_REFR_NUM	NULL	R	827_tu
231_new	NP_216875.1	YP_177921.1	New	Ecoli	1995	1	R	847_tu
163	NP_216875.1	YP_177948.1	Known	NOT_REFR_ORG	NOT_REFR_NUM	NULL	R	848_tu
232_new	NP_216890.1	NP_214864.1	New	Bacsu,Staph	832,494	2	F	849_tu
849_tu	NP_216890.1	NP_214865.1	New	NOT_REFR_ORG	NOT_REFR_NUM	NULL	F	849_tu
849_tu	NP_216890.1	NP_214867.1	New	NOT_REFR_ORG	NOT_REFR_NUM	NULL	F	849_tu
166	NP_216890.1	NP_214953.1	Known	NOT_REFR_ORG	NOT_REFR_NUM	NULL	NOT_STRAND	NOT_TU_REFER
167	NP_216890.1	NP_214954.1	Known	Bacsu,Staph	1042,496	2	F	850_tu
1903	NP_216890.1	NP_215504.1	Known	NOT_REFR_ORG	NOT_REFR_NUM	NULL	R	851_tu
1904	NP_216890.1	NP_215505.1	Known	NOT_REFR_ORG	NOT_REFR_NUM	NULL	R	851_tu
168	NP_216890.1	NP_215506.1	Known	NOT_REFR_ORG	NOT_REFR_NUM	NULL	R	852_tu
1905	NP_216890.1	NP_215507.1	Known	NOT_REFR_ORG	NOT_REFR_NUM	NULL	R	853_tu
234_new	NP_216890.1	NP_216888.1	New	Bacsu	1396	1	R	854_tu
235_new	NP_216890.1	NP_216889.1	New	Bacsu,Staph	831,499	2	R	854_tu
236_new	NP_216890.1	NP_216890.1	New	Bacsu,Staph	173,497	2	R	855_tu
1906	NP_216890.1	NP_217934.1	Known	NOT_REFR_ORG	NOT_REFR_NUM	NULL	R	856_tu
169	NP_216890.1	NP_217935.1	Known	Bacsu,Staph	164,498	2	R	857_tu
849_tu	NP_216890.1	YP_177719.1	New	NOT_REFR_ORG	NOT_REFR_NUM	NULL	F	849_tu
238_new	NP_216973.1	NP_216585.1	New	Pseudo	381	1	F	858_tu
239_new	NP_216973.1	NP_216973.1	New	Pseudo	382	1	NOT_STRAND	NOT_TU_REFER
240_new	NP_216976.1	NP_216585.1	New	Pseudo	379	1	F	859_tu
241_new	NP_216976.1	NP_216976.1	New	Pseudo	380	1	R	860_tu
860_tu	NP_216976.1	YP_177883.1	New	NOT_REFR_ORG	NOT_REFR_NUM	NULL	R	860_tu
242_new	NP_217071.1	NP_217071.1	New	Ecoli,Salmon	37,773	2	NOT_STRAND	NOT_TU_REFER
1220	NP_217185.1	NP_217648.1	Known	NOT_REFR_ORG	NOT_REFR_NUM	NULL	R	861_tu
1221	NP_217185.1	NP_217649.1	Known	NOT_REFR_ORG	NOT_REFR_NUM	NULL	R	861_tu
1222	NP_217185.1	NP_217650.1	Known	NOT_REFR_ORG	NOT_REFR_NUM	NULL	R	861_tu
243_new	NP_217206.1	NP_217206.1	New	Bacsu	1610	1	R	862_tu
244_new	NP_217220.1	NP_214871.1	New	Bacsu	2038	1	NOT_STRAND	NOT_TU_REFER
1907	NP_217227.1	NP_214516.1	Known	NOT_REFR_ORG	NOT_REFR_NUM	NULL	F	863_tu
170	NP_217227.1	NP_214517.1	Known	NOT_REFR_ORG	NOT_REFR_NUM	NULL	F	863_tu
863_tu	NP_217227.1	NP_214518.1	New	NOT_REFR_ORG	NOT_REFR_NUM	NULL	F	863_tu
1692	NP_217227.1	NP_214523.1	Known	NOT_REFR_ORG	NOT_REFR_NUM	NULL	F	864_tu
1693	NP_217227.1	NP_214524.1	Known	NOT_REFR_ORG	NOT_REFR_NUM	NULL	R	865_tu
2608	NP_217227.1	NP_214611.1	Known	NOT_REFR_ORG	NOT_REFR_NUM	NULL	F	929_tu
2609	NP_217227.1	NP_214612.1	Known	NOT_REFR_ORG	NOT_REFR_NUM	NULL	F	929_tu
2610	NP_217227.1	NP_214613.1	Known	NOT_REFR_ORG	NOT_REFR_NUM	NULL	F	929_tu
929_tu	NP_217227.1	NP_214614.1	New	NOT_REFR_ORG	NOT_REFR_NUM	NULL	F	929_tu
929_tu	NP_217227.1	NP_214615.1	New	NOT_REFR_ORG	NOT_REFR_NUM	NULL	F	929_tu
172	NP_217227.1	NP_214620.1	Known	NOT_REFR_ORG	NOT_REFR_NUM	NULL	F	866_tu
1908	NP_217227.1	NP_214626.1	Known	NOT_REFR_ORG	NOT_REFR_NUM	NULL	F	867_tu
1909	NP_217227.1	NP_214627.1	Known	NOT_REFR_ORG	NOT_REFR_NUM	NULL	F	868_tu
173	NP_217227.1	NP_214628.1	Known	NOT_REFR_ORG	NOT_REFR_NUM	NULL	F	868_tu
1910	NP_217227.1	NP_214629.1	Known	NOT_REFR_ORG	NOT_REFR_NUM	NULL	F	868_tu
1650	NP_217227.1	NP_214630.1	Known	NOT_REFR_ORG	NOT_REFR_NUM	NULL	R	869_tu
1651	NP_217227.1	NP_214652.1	Known	NOT_REFR_ORG	NOT_REFR_NUM	NULL	F	870_tu
2591	NP_217227.1	NP_214653.1	Known	NOT_REFR_ORG	NOT_REFR_NUM	NULL	F	870_tu
870_tu	NP_217227.1	NP_214654.1	New	NOT_REFR_ORG	NOT_REFR_NUM	NULL	F	870_tu
1652	NP_217227.1	NP_214659.1	Known	NOT_REFR_ORG	NOT_REFR_NUM	NULL	F	871_tu
2592	NP_217227.1	NP_214660.1	Known	NOT_REFR_ORG	NOT_REFR_NUM	NULL	F	871_tu
2593	NP_217227.1	NP_214661.1	Known	NOT_REFR_ORG	NOT_REFR_NUM	NULL	F	872_tu
2594	NP_217227.1	NP_214662.1	Known	NOT_REFR_ORG	NOT_REFR_NUM	NULL	F	873_tu
2595	NP_217227.1	NP_214663.1	Known	NOT_REFR_ORG	NOT_REFR_NUM	NULL	F	873_tu
174	NP_217227.1	NP_214796.1	Known	NOT_REFR_ORG	NOT_REFR_NUM	NULL	F	874_tu
1653	NP_217227.1	NP_214797.1	Known	NOT_REFR_ORG	NOT_REFR_NUM	NULL	F	874_tu
1654	NP_217227.1	NP_214798.1	Known	NOT_REFR_ORG	NOT_REFR_NUM	NULL	F	874_tu
1657	NP_217227.1	NP_214801.1	Known	NOT_REFR_ORG	NOT_REFR_NUM	NULL	F	874_tu
1658	NP_217227.1	NP_214802.1	Known	NOT_REFR_ORG	NOT_REFR_NUM	NULL	F	874_tu
1659	NP_217227.1	NP_214803.1	Known	NOT_REFR_ORG	NOT_REFR_NUM	NULL	F	874_tu
1660	NP_217227.1	NP_214804.1	Known	NOT_REFR_ORG	NOT_REFR_NUM	NULL	F	874_tu
1661	NP_217227.1	NP_214805.1	Known	NOT_REFR_ORG	NOT_REFR_NUM	NULL	F	874_tu
1662	NP_217227.1	NP_214806.1	Known	NOT_REFR_ORG	NOT_REFR_NUM	NULL	F	874_tu
1663	NP_217227.1	NP_214847.1	Known	NOT_REFR_ORG	NOT_REFR_NUM	NULL	NOT_STRAND	NOT_TU_REFER
175	NP_217227.1	NP_214852.1	Known	NOT_REFR_ORG	NOT_REFR_NUM	NULL	NOT_STRAND	NOT_TU_REFER
1664	NP_217227.1	NP_214964.1	Known	NOT_REFR_ORG	NOT_REFR_NUM	NULL	NOT_STRAND	NOT_TU_REFER
176	NP_217227.1	NP_214965.1	Known	NOT_REFR_ORG	NOT_REFR_NUM	NULL	NOT_STRAND	NOT_TU_REFER
177	NP_217227.1	NP_214966.1	Known	NOT_REFR_ORG	NOT_REFR_NUM	NULL	F	875_tu
178	NP_217227.1	NP_214995.1	Known	NOT_REFR_ORG	NOT_REFR_NUM	NULL	R	876_tu
179	NP_217227.1	NP_214996.1	Known	NOT_REFR_ORG	NOT_REFR_NUM	NULL	F	877_tu
877_tu	NP_217227.1	NP_214997.1	New	NOT_REFR_ORG	NOT_REFR_NUM	NULL	F	877_tu
180	NP_217227.1	NP_215038.1	Known	NOT_REFR_ORG	NOT_REFR_NUM	NULL	F	878_tu
1911	NP_217227.1	NP_215039.1	Known	NOT_REFR_ORG	NOT_REFR_NUM	NULL	F	878_tu
1912	NP_217227.1	NP_215040.1	Known	NOT_REFR_ORG	NOT_REFR_NUM	NULL	F	878_tu
1915	NP_217227.1	NP_215041.2	Known	NOT_REFR_ORG	NOT_REFR_NUM	NULL	F	878_tu
1914	NP_217227.1	NP_215042.1	Known	NOT_REFR_ORG	NOT_REFR_NUM	NULL	F	878_tu
878_tu	NP_217227.1	NP_215044.1	New	NOT_REFR_ORG	NOT_REFR_NUM	NULL	F	878_tu
2596	NP_217227.1	NP_215100.1	Known	NOT_REFR_ORG	NOT_REFR_NUM	NULL	F	879_tu
1665	NP_217227.1	NP_215101.1	Known	NOT_REFR_ORG	NOT_REFR_NUM	NULL	F	879_tu
879_tu	NP_217227.1	NP_215102.1	New	NOT_REFR_ORG	NOT_REFR_NUM	NULL	F	879_tu
2611	NP_217227.1	NP_215134.1	Known	NOT_REFR_ORG	NOT_REFR_NUM	NULL	F	880_tu
181	NP_217227.1	NP_215183.1	Known	NOT_REFR_ORG	NOT_REFR_NUM	NULL	R	881_tu
182	NP_217227.1	NP_215184.1	Known	NOT_REFR_ORG	NOT_REFR_NUM	NULL	F	882_tu
882_tu	NP_217227.1	NP_215185.1	New	NOT_REFR_ORG	NOT_REFR_NUM	NULL	F	882_tu
882_tu	NP_217227.1	NP_215186.1	New	NOT_REFR_ORG	NOT_REFR_NUM	NULL	F	882_tu
882_tu	NP_217227.1	NP_215187.1	New	NOT_REFR_ORG	NOT_REFR_NUM	NULL	F	882_tu
882_tu	NP_217227.1	NP_215188.1	New	NOT_REFR_ORG	NOT_REFR_NUM	NULL	F	882_tu
2597	NP_217227.1	NP_215276.1	Known	NOT_REFR_ORG	NOT_REFR_NUM	NULL	R	883_tu
2598	NP_217227.1	NP_215277.1	Known	NOT_REFR_ORG	NOT_REFR_NUM	NULL	R	883_tu
2599	NP_217227.1	NP_215278.1	Known	NOT_REFR_ORG	NOT_REFR_NUM	NULL	R	883_tu
2600	NP_217227.1	NP_215279.1	Known	NOT_REFR_ORG	NOT_REFR_NUM	NULL	R	883_tu
1666	NP_217227.1	NP_215280.1	Known	NOT_REFR_ORG	NOT_REFR_NUM	NULL	R	883_tu
2601	NP_217227.1	NP_215281.1	Known	NOT_REFR_ORG	NOT_REFR_NUM	NULL	R	883_tu
1695	NP_217227.1	NP_215529.1	Known	NOT_REFR_ORG	NOT_REFR_NUM	NULL	F	884_tu
183	NP_217227.1	NP_215622.1	Known	NOT_REFR_ORG	NOT_REFR_NUM	NULL	R	885_tu
885_tu	NP_217227.1	NP_215623.1	New	NOT_REFR_ORG	NOT_REFR_NUM	NULL	R	885_tu
885_tu	NP_217227.1	NP_215624.1	New	NOT_REFR_ORG	NOT_REFR_NUM	NULL	R	885_tu
885_tu	NP_217227.1	NP_215625.1	New	NOT_REFR_ORG	NOT_REFR_NUM	NULL	R	885_tu
1667	NP_217227.1	NP_215646.1	Known	NOT_REFR_ORG	NOT_REFR_NUM	NULL	F	886_tu
2602	NP_217227.1	NP_215647.1	Known	NOT_REFR_ORG	NOT_REFR_NUM	NULL	F	886_tu
886_tu	NP_217227.1	NP_215648.1	New	NOT_REFR_ORG	NOT_REFR_NUM	NULL	F	886_tu
1701	NP_217227.1	NP_215668.1	Known	NOT_REFR_ORG	NOT_REFR_NUM	NULL	F	887_tu
1668	NP_217227.1	NP_215737.1	Known	NOT_REFR_ORG	NOT_REFR_NUM	NULL	F	888_tu
184	NP_217227.1	NP_215859.1	Known	NOT_REFR_ORG	NOT_REFR_NUM	NULL	R	931_tu
185	NP_217227.1	NP_215860.1	Known	NOT_REFR_ORG	NOT_REFR_NUM	NULL	F	889_tu
1669	NP_217227.1	NP_215861.1	Known	NOT_REFR_ORG	NOT_REFR_NUM	NULL	F	889_tu
1670	NP_217227.1	NP_215862.1	Known	NOT_REFR_ORG	NOT_REFR_NUM	NULL	F	889_tu
186	NP_217227.1	NP_215863.1	Known	NOT_REFR_ORG	NOT_REFR_NUM	NULL	R	890_tu
187	NP_217227.1	NP_215864.1	Known	NOT_REFR_ORG	NOT_REFR_NUM	NULL	F	891_tu
1671	NP_217227.1	NP_215865.1	Known	NOT_REFR_ORG	NOT_REFR_NUM	NULL	F	891_tu
2603	NP_217227.1	NP_215866.1	Known	NOT_REFR_ORG	NOT_REFR_NUM	NULL	F	892_tu
1672	NP_217227.1	NP_215867.1	Known	NOT_REFR_ORG	NOT_REFR_NUM	NULL	F	892_tu
188	NP_217227.1	NP_216035.1	Known	NOT_REFR_ORG	NOT_REFR_NUM	NULL	F	893_tu
1917	NP_217227.1	NP_216036.3	Known	NOT_REFR_ORG	NOT_REFR_NUM	NULL	F	893_tu
1696	NP_217227.1	NP_216242.1	Known	NOT_REFR_ORG	NOT_REFR_NUM	NULL	F	894_tu
2612	NP_217227.1	NP_216243.1	Known	NOT_REFR_ORG	NOT_REFR_NUM	NULL	F	895_tu
1697	NP_217227.1	NP_216254.1	Known	NOT_REFR_ORG	NOT_REFR_NUM	NULL	F	896_tu
1918	NP_217227.1	NP_216359.1	Known	NOT_REFR_ORG	NOT_REFR_NUM	NULL	R	897_tu
1920	NP_217227.1	NP_216361.1	Known	NOT_REFR_ORG	NOT_REFR_NUM	NULL	R	897_tu
189	NP_217227.1	NP_216362.1	Known	NOT_REFR_ORG	NOT_REFR_NUM	NULL	R	897_tu
190	NP_217227.1	NP_216363.1	Known	NOT_REFR_ORG	NOT_REFR_NUM	NULL	F	898_tu
898_tu	NP_217227.1	NP_216364.1	New	NOT_REFR_ORG	NOT_REFR_NUM	NULL	F	898_tu
898_tu	NP_217227.1	NP_216365.1	New	NOT_REFR_ORG	NOT_REFR_NUM	NULL	F	898_tu
898_tu	NP_217227.1	NP_216366.1	New	NOT_REFR_ORG	NOT_REFR_NUM	NULL	F	898_tu
898_tu	NP_217227.1	NP_216367.1	New	NOT_REFR_ORG	NOT_REFR_NUM	NULL	F	898_tu
898_tu	NP_217227.1	NP_216368.1	New	NOT_REFR_ORG	NOT_REFR_NUM	NULL	F	898_tu
898_tu	NP_217227.1	NP_216369.1	New	NOT_REFR_ORG	NOT_REFR_NUM	NULL	F	898_tu
191	NP_217227.1	NP_216392.1	Known	NOT_REFR_ORG	NOT_REFR_NUM	NULL	F	899_tu
1921	NP_217227.1	NP_216450.1	Known	NOT_REFR_ORG	NOT_REFR_NUM	NULL	NOT_STRAND	NOT_TU_REFER
192	NP_217227.1	NP_216451.1	Known	NOT_REFR_ORG	NOT_REFR_NUM	NULL	NOT_STRAND	NOT_TU_REFER
193	NP_217227.1	NP_216452.1	Known	NOT_REFR_ORG	NOT_REFR_NUM	NULL	F	900_tu
1922	NP_217227.1	NP_216453.1	Known	NOT_REFR_ORG	NOT_REFR_NUM	NULL	F	900_tu
900_tu	NP_217227.1	NP_216454.1	New	NOT_REFR_ORG	NOT_REFR_NUM	NULL	F	900_tu
900_tu	NP_217227.1	NP_216455.1	New	NOT_REFR_ORG	NOT_REFR_NUM	NULL	F	900_tu
900_tu	NP_217227.1	NP_216457.1	New	NOT_REFR_ORG	NOT_REFR_NUM	NULL	F	900_tu
1698	NP_217227.1	NP_216512.1	Known	NOT_REFR_ORG	NOT_REFR_NUM	NULL	F	901_tu
194	NP_217227.1	NP_216549.1	Known	NOT_REFR_ORG	NOT_REFR_NUM	NULL	R	902_tu
195	NP_217227.1	NP_216550.1	Known	NOT_REFR_ORG	NOT_REFR_NUM	NULL	F	903_tu
1923	NP_217227.1	NP_216551.1	Known	NOT_REFR_ORG	NOT_REFR_NUM	NULL	F	903_tu
1924	NP_217227.1	NP_216552.1	Known	NOT_REFR_ORG	NOT_REFR_NUM	NULL	F	903_tu
1674	NP_217227.1	NP_216553.1	Known	NOT_REFR_ORG	NOT_REFR_NUM	NULL	R	904_tu
904_tu	NP_217227.1	NP_216554.1	New	NOT_REFR_ORG	NOT_REFR_NUM	NULL	R	904_tu
1675	NP_217227.1	NP_216555.1	Known	NOT_REFR_ORG	NOT_REFR_NUM	NULL	R	904_tu
2605	NP_217227.1	NP_216556.1	Known	NOT_REFR_ORG	NOT_REFR_NUM	NULL	R	904_tu
904_tu	NP_217227.1	NP_216557.1	New	NOT_REFR_ORG	NOT_REFR_NUM	NULL	R	904_tu
904_tu	NP_217227.1	NP_216558.1	New	NOT_REFR_ORG	NOT_REFR_NUM	NULL	R	904_tu
904_tu	NP_217227.1	NP_216559.1	New	NOT_REFR_ORG	NOT_REFR_NUM	NULL	R	904_tu
904_tu	NP_217227.1	NP_216560.1	New	NOT_REFR_ORG	NOT_REFR_NUM	NULL	R	904_tu
1925	NP_217227.1	NP_216636.1	Known	NOT_REFR_ORG	NOT_REFR_NUM	NULL	R	905_tu
1926	NP_217227.1	NP_216637.1	Known	NOT_REFR_ORG	NOT_REFR_NUM	NULL	R	906_tu
198	NP_217227.1	NP_216852.1	Known	NOT_REFR_ORG	NOT_REFR_NUM	NULL	F	907_tu
1676	NP_217227.1	NP_216893.1	Known	NOT_REFR_ORG	NOT_REFR_NUM	NULL	R	908_tu
1677	NP_217227.1	NP_216894.1	Known	NOT_REFR_ORG	NOT_REFR_NUM	NULL	R	908_tu
1678	NP_217227.1	NP_216895.1	Known	NOT_REFR_ORG	NOT_REFR_NUM	NULL	R	908_tu
1679	NP_217227.1	NP_216896.3	Known	NOT_REFR_ORG	NOT_REFR_NUM	NULL	R	908_tu
1680	NP_217227.1	NP_216897.1	Known	NOT_REFR_ORG	NOT_REFR_NUM	NULL	R	909_tu
1681	NP_217227.1	NP_216898.1	Known	NOT_REFR_ORG	NOT_REFR_NUM	NULL	R	909_tu
199	NP_217227.1	NP_216899.1	Known	NOT_REFR_ORG	NOT_REFR_NUM	NULL	R	909_tu
200	NP_217227.1	NP_216900.1	Known	NOT_REFR_ORG	NOT_REFR_NUM	NULL	F	910_tu
1683	NP_217227.1	NP_216944.1	Known	NOT_REFR_ORG	NOT_REFR_NUM	NULL	F	911_tu
1684	NP_217227.1	NP_216945.1	Known	NOT_REFR_ORG	NOT_REFR_NUM	NULL	F	911_tu
202	NP_217227.1	NP_217034.1	Known	NOT_REFR_ORG	NOT_REFR_NUM	NULL	R	912_tu
1685	NP_217227.1	NP_217226.1	Known	NOT_REFR_ORG	NOT_REFR_NUM	NULL	F	913_tu
2606	NP_217227.1	NP_217227.1	Known	NOT_REFR_ORG	NOT_REFR_NUM	NULL	F	914_tu
204	NP_217227.1	NP_217378.1	Known	NOT_REFR_ORG	NOT_REFR_NUM	NULL	NOT_STRAND	NOT_TU_REFER
205	NP_217227.1	NP_217380.1	Known	NOT_REFR_ORG	NOT_REFR_NUM	NULL	R	915_tu
206	NP_217227.1	NP_217381.1	Known	NOT_REFR_ORG	NOT_REFR_NUM	NULL	F	916_tu
1927	NP_217227.1	NP_217382.1	Known	NOT_REFR_ORG	NOT_REFR_NUM	NULL	F	916_tu
1686	NP_217227.1	NP_217526.1	Known	NOT_REFR_ORG	NOT_REFR_NUM	NULL	NOT_STRAND	NOT_TU_REFER
1687	NP_217227.1	NP_217535.1	Known	NOT_REFR_ORG	NOT_REFR_NUM	NULL	R	917_tu
1699	NP_217227.1	NP_217642.1	Known	NOT_REFR_ORG	NOT_REFR_NUM	NULL	R	918_tu
1700	NP_217227.1	NP_217646.1	Known	NOT_REFR_ORG	NOT_REFR_NUM	NULL	R	919_tu
2607	NP_217227.1	NP_217655.1	Known	NOT_REFR_ORG	NOT_REFR_NUM	NULL	F	920_tu
1689	NP_217227.1	NP_217656.1	Known	NOT_REFR_ORG	NOT_REFR_NUM	NULL	F	920_tu
1690	NP_217227.1	NP_217694.1	Known	NOT_REFR_ORG	NOT_REFR_NUM	NULL	F	921_tu
216	NP_217227.1	NP_217713.1	Known	NOT_REFR_ORG	NOT_REFR_NUM	NULL	F	922_tu
207	NP_217227.1	NP_217919.1	Known	NOT_REFR_ORG	NOT_REFR_NUM	NULL	R	923_tu
208	NP_217227.1	NP_217920.1	Known	NOT_REFR_ORG	NOT_REFR_NUM	NULL	R	924_tu
924_tu	NP_217227.1	NP_217921.1	New	NOT_REFR_ORG	NOT_REFR_NUM	NULL	R	924_tu
209	NP_217227.1	NP_217941.1	Known	NOT_REFR_ORG	NOT_REFR_NUM	NULL	R	925_tu
212	NP_217227.1	NP_218006.1	Known	NOT_REFR_ORG	NOT_REFR_NUM	NULL	F	926_tu
1928	NP_217227.1	NP_218007.1	Known	NOT_REFR_ORG	NOT_REFR_NUM	NULL	F	926_tu
213	NP_217227.1	NP_218355.1	Known	NOT_REFR_ORG	NOT_REFR_NUM	NULL	NOT_STRAND	NOT_TU_REFER
214	NP_217227.1	NP_218356.1	Known	NOT_REFR_ORG	NOT_REFR_NUM	NULL	F	927_tu
1691	NP_217227.1	NP_218357.1	Known	NOT_REFR_ORG	NOT_REFR_NUM	NULL	F	927_tu
215	NP_217227.1	NP_218358.1	Known	NOT_REFR_ORG	NOT_REFR_NUM	NULL	F	928_tu
1694	NP_217227.1	YP_177690.1	Known	NOT_REFR_ORG	NOT_REFR_NUM	NULL	F	929_tu
171	NP_217227.1	YP_177691.1	Known	NOT_REFR_ORG	NOT_REFR_NUM	NULL	R	930_tu
1655	NP_217227.1	YP_177710.1	Known	NOT_REFR_ORG	NOT_REFR_NUM	NULL	F	874_tu
1656	NP_217227.1	YP_177711.1	Known	NOT_REFR_ORG	NOT_REFR_NUM	NULL	F	874_tu
1913	NP_217227.1	YP_177735.1	Known	NOT_REFR_ORG	NOT_REFR_NUM	NULL	F	878_tu
879_tu	NP_217227.1	YP_177740.1	New	NOT_REFR_ORG	NOT_REFR_NUM	NULL	F	879_tu
882_tu	NP_217227.1	YP_177745.1	New	NOT_REFR_ORG	NOT_REFR_NUM	NULL	F	882_tu
1916	NP_217227.1	YP_177800.1	Known	NOT_REFR_ORG	NOT_REFR_NUM	NULL	R	931_tu
2604	NP_217227.1	YP_177805.1	Known	NOT_REFR_ORG	NOT_REFR_NUM	NULL	F	932_tu
1673	NP_217227.1	YP_177806.1	Known	NOT_REFR_ORG	NOT_REFR_NUM	NULL	F	932_tu
1919	NP_217227.1	YP_177848.1	Known	NOT_REFR_ORG	NOT_REFR_NUM	NULL	R	897_tu
900_tu	NP_217227.1	YP_177851.1	New	NOT_REFR_ORG	NOT_REFR_NUM	NULL	F	900_tu
196	NP_217227.1	YP_177860.1	Known	NOT_REFR_ORG	NOT_REFR_NUM	NULL	R	906_tu
197	NP_217227.1	YP_177861.1	Known	NOT_REFR_ORG	NOT_REFR_NUM	NULL	F	933_tu
1682	NP_217227.1	YP_177876.1	Known	NOT_REFR_ORG	NOT_REFR_NUM	NULL	F	934_tu
201	NP_217227.1	YP_177877.1	Known	NOT_REFR_ORG	NOT_REFR_NUM	NULL	R	935_tu
203	NP_217227.1	YP_177907.1	Known	NOT_REFR_ORG	NOT_REFR_NUM	NULL	R	936_tu
1688	NP_217227.1	YP_177919.1	Known	NOT_REFR_ORG	NOT_REFR_NUM	NULL	R	917_tu
210	NP_217227.1	YP_177971.1	Known	NOT_REFR_ORG	NOT_REFR_NUM	NULL	F	937_tu
211	NP_217227.1	YP_177973.1	Known	NOT_REFR_ORG	NOT_REFR_NUM	NULL	F	938_tu
245_new	NP_217234.1	NP_217567.1	New	Bacsu,Ecoli,Salmon,Staph	2368,3001,971,503	4	R	939_tu
246_new	NP_217234.1	NP_217568.1	New	Bacsu,Ecoli,Salmon,Staph	2370,3005,970,502	4	R	939_tu
247_new	NP_217234.1	NP_217569.1	New	Ecoli,Salmon	3004,969	2	R	939_tu
248_new	NP_217234.1	YP_177853.1	New	Bacsu,Staph	2369,501	2	R	940_tu
249_new	NP_217234.1	YP_177921.1	New	Ecoli,Salmon	3002,972	2	R	941_tu
1929	NP_217236.2	NP_214567.1	Known	NOT_REFR_ORG	NOT_REFR_NUM	NULL	F	942_tu
217	NP_217236.2	NP_214568.1	Known	NOT_REFR_ORG	NOT_REFR_NUM	NULL	F	943_tu
1931	NP_217236.2	NP_214570.1	Known	NOT_REFR_ORG	NOT_REFR_NUM	NULL	F	943_tu
1932	NP_217236.2	NP_214571.1	Known	NOT_REFR_ORG	NOT_REFR_NUM	NULL	F	943_tu
218	NP_217236.2	NP_214572.1	Known	NOT_REFR_ORG	NOT_REFR_NUM	NULL	F	943_tu
1933	NP_217236.2	NP_214573.1	Known	NOT_REFR_ORG	NOT_REFR_NUM	NULL	F	944_tu
1934	NP_217236.2	NP_214574.1	Known	NOT_REFR_ORG	NOT_REFR_NUM	NULL	F	944_tu
219	NP_217236.2	NP_214585.1	Known	NOT_REFR_ORG	NOT_REFR_NUM	NULL	F	945_tu
220	NP_217236.2	NP_214850.1	Known	NOT_REFR_ORG	NOT_REFR_NUM	NULL	F	946_tu
221	NP_217236.2	NP_215029.1	Known	NOT_REFR_ORG	NOT_REFR_NUM	NULL	F	947_tu
250_new	NP_217236.2	NP_215143.1	New	Ecoli	2360	1	R	948_tu
251_new	NP_217236.2	NP_215144.1	New	Ecoli	2359	1	R	948_tu
948_tu	NP_217236.2	NP_215145.1	New	NOT_REFR_ORG	NOT_REFR_NUM	NULL	R	948_tu
224	NP_217236.2	NP_215895.1	Known	NOT_REFR_ORG	NOT_REFR_NUM	NULL	F	949_tu
949_tu	NP_217236.2	NP_215896.1	New	NOT_REFR_ORG	NOT_REFR_NUM	NULL	F	949_tu
949_tu	NP_217236.2	NP_215897.1	New	NOT_REFR_ORG	NOT_REFR_NUM	NULL	F	949_tu
949_tu	NP_217236.2	NP_215898.1	New	NOT_REFR_ORG	NOT_REFR_NUM	NULL	F	949_tu
949_tu	NP_217236.2	NP_215899.1	New	NOT_REFR_ORG	NOT_REFR_NUM	NULL	F	949_tu
949_tu	NP_217236.2	NP_215901.1	New	NOT_REFR_ORG	NOT_REFR_NUM	NULL	F	949_tu
225	NP_217236.2	NP_215936.1	Known	Bacsu,Ecoli	360,2377	2	NOT_STRAND	NOT_TU_REFER
253_new	NP_217236.2	NP_215965.1	New	Bacsu	2467	1	NOT_STRAND	NOT_TU_REFER
254_new	NP_217236.2	NP_216053.3	New	Ecoli,Salmon	2330,2551	2	F	950_tu
255_new	NP_217236.2	NP_216063.1	New	Bacsu	113	1	NOT_STRAND	NOT_TU_REFER
226	NP_217236.2	NP_216149.3	Known	Bacsu,Ecoli,Salmon,Staph	359,2376,2553,668	4	F	951_tu
1935	NP_217236.2	NP_216150.1	Known	NOT_REFR_ORG	NOT_REFR_NUM	NULL	F	951_tu
227	NP_217236.2	NP_216154.1	Known	Bacsu,Ecoli,Staph	1547,2375,671	3	F	952_tu
1936	NP_217236.2	NP_216210.1	Known	NOT_REFR_ORG	NOT_REFR_NUM	NULL	NOT_STRAND	NOT_TU_REFER
1937	NP_217236.2	NP_216211.1	Known	NOT_REFR_ORG	NOT_REFR_NUM	NULL	NOT_STRAND	NOT_TU_REFER
228	NP_217236.2	NP_216212.1	Known	Ecoli,Salmon	2361,2567	2	NOT_STRAND	NOT_TU_REFER
1938	NP_217236.2	NP_216213.1	Known	NOT_REFR_ORG	NOT_REFR_NUM	NULL	F	953_tu
1939	NP_217236.2	NP_216214.1	Known	NOT_REFR_ORG	NOT_REFR_NUM	NULL	F	953_tu
229	NP_217236.2	NP_216218.1	Known	NOT_REFR_ORG	NOT_REFR_NUM	NULL	R	954_tu
259_new	NP_217236.2	NP_216438.1	New	Bacsu	2398	1	F	955_tu
955_tu	NP_217236.2	NP_216439.1	New	NOT_REFR_ORG	NOT_REFR_NUM	NULL	F	955_tu
230	NP_217236.2	NP_216616.1	Known	NOT_REFR_ORG	NOT_REFR_NUM	NULL	F	956_tu
260_new	NP_217236.2	NP_216666.1	New	Ecoli,Salmon	2344,2549	2	NOT_STRAND	NOT_TU_REFER
261_new	NP_217236.2	NP_216668.1	New	Ecoli,Salmon	2350,2545	2	NOT_STRAND	NOT_TU_REFER
262_new	NP_217236.2	NP_216669.1	New	Ecoli	2354	1	NOT_STRAND	NOT_TU_REFER
263_new	NP_217236.2	NP_216671.3	New	Ecoli	2351	1	NOT_STRAND	NOT_TU_REFER
264_new	NP_217236.2	NP_216672.1	New	Ecoli	2349	1	NOT_STRAND	NOT_TU_REFER
265_new	NP_217236.2	NP_216673.1	New	Ecoli	2353	1	NOT_STRAND	NOT_TU_REFER
266_new	NP_217236.2	NP_216674.1	New	Ecoli	2352	1	NOT_STRAND	NOT_TU_REFER
267_new	NP_217236.2	NP_216679.1	New	Ecoli	2339	1	R	957_tu
957_tu	NP_217236.2	NP_216680.1	New	NOT_REFR_ORG	NOT_REFR_NUM	NULL	R	957_tu
957_tu	NP_217236.2	NP_216681.4	New	NOT_REFR_ORG	NOT_REFR_NUM	NULL	R	957_tu
957_tu	NP_217236.2	NP_216682.1	New	NOT_REFR_ORG	NOT_REFR_NUM	NULL	R	957_tu
268_new	NP_217236.2	NP_216855.1	New	Bacsu	1619	1	F	958_tu
231	NP_217236.2	NP_216859.1	Known	NOT_REFR_ORG	NOT_REFR_NUM	NULL	R	959_tu
1940	NP_217236.2	NP_216860.1	Known	NOT_REFR_ORG	NOT_REFR_NUM	NULL	R	959_tu
269_new	NP_217236.2	NP_217108.1	New	Bacsu,Ecoli,Salmon	1398,2367,2562	3	R	960_tu
1941	NP_217236.2	NP_217109.1	Known	Salmon	2563	1	R	960_tu
233	NP_217236.2	NP_217110.1	Known	NOT_REFR_ORG	NOT_REFR_NUM	NULL	R	960_tu
234	NP_217236.2	NP_217219.1	Known	NOT_REFR_ORG	NOT_REFR_NUM	NULL	F	961_tu
961_tu	NP_217236.2	NP_217220.1	New	NOT_REFR_ORG	NOT_REFR_NUM	NULL	F	961_tu
235	NP_217236.2	NP_217235.1	Known	NOT_REFR_ORG	NOT_REFR_NUM	NULL	R	962_tu
236	NP_217236.2	NP_217236.2	Known	Bacsu,Ecoli,Salmon,Staph	201,2347,2576,678	4	F	963_tu
1942	NP_217236.2	NP_217251.1	Known	NOT_REFR_ORG	NOT_REFR_NUM	NULL	R	964_tu
1943	NP_217236.2	NP_217252.1	Known	NOT_REFR_ORG	NOT_REFR_NUM	NULL	R	964_tu
237	NP_217236.2	NP_217253.1	Known	NOT_REFR_ORG	NOT_REFR_NUM	NULL	R	964_tu
272_new	NP_217236.2	NP_217352.1	New	Ecoli	2332	1	R	965_tu
965_tu	NP_217236.2	NP_217353.1	New	NOT_REFR_ORG	NOT_REFR_NUM	NULL	R	965_tu
965_tu	NP_217236.2	NP_217354.1	New	NOT_REFR_ORG	NOT_REFR_NUM	NULL	R	965_tu
965_tu	NP_217236.2	NP_217355.1	New	NOT_REFR_ORG	NOT_REFR_NUM	NULL	R	965_tu
273_new	NP_217236.2	NP_217530.1	New	Bacsu	1154	1	R	966_tu
966_tu	NP_217236.2	NP_217531.1	New	NOT_REFR_ORG	NOT_REFR_NUM	NULL	R	966_tu
238	NP_217236.2	NP_217590.1	Known	NOT_REFR_ORG	NOT_REFR_NUM	NULL	F	967_tu
239	NP_217236.2	NP_217887.3	Known	NOT_REFR_ORG	NOT_REFR_NUM	NULL	R	968_tu
240	NP_217236.2	NP_217912.2	Known	NOT_REFR_ORG	NOT_REFR_NUM	NULL	NOT_STRAND	NOT_TU_REFER
241	NP_217236.2	NP_218293.1	Known	NOT_REFR_ORG	NOT_REFR_NUM	NULL	F	969_tu
1930	NP_217236.2	YP_177688.1	Known	NOT_REFR_ORG	NOT_REFR_NUM	NULL	F	943_tu
222	NP_217236.2	YP_177772.1	Known	Bacsu,Ecoli,Salmon	239,2378,2575	3	F	970_tu
223	NP_217236.2	YP_177777.1	Known	NOT_REFR_ORG	NOT_REFR_NUM	NULL	R	971_tu
949_tu	NP_217236.2	YP_177804.1	New	NOT_REFR_ORG	NOT_REFR_NUM	NULL	F	949_tu
232	NP_217236.2	YP_177890.1	Known	NOT_REFR_ORG	NOT_REFR_NUM	NULL	F	972_tu
1223	NP_217261.1	NP_217446.2	Known	NOT_REFR_ORG	NOT_REFR_NUM	NULL	F	973_tu
1224	NP_217261.1	NP_217447.1	Known	NOT_REFR_ORG	NOT_REFR_NUM	NULL	F	973_tu
1225	NP_217261.1	NP_217448.1	Known	NOT_REFR_ORG	NOT_REFR_NUM	NULL	F	973_tu
1226	NP_217261.1	NP_217449.1	Known	NOT_REFR_ORG	NOT_REFR_NUM	NULL	F	973_tu
1227	NP_217261.1	NP_217450.1	Known	NOT_REFR_ORG	NOT_REFR_NUM	NULL	F	973_tu
1228	NP_217261.1	NP_217451.1	Known	NOT_REFR_ORG	NOT_REFR_NUM	NULL	F	973_tu
1229	NP_217261.1	NP_217452.1	Known	NOT_REFR_ORG	NOT_REFR_NUM	NULL	F	973_tu
1230	NP_217261.1	NP_217453.1	Known	NOT_REFR_ORG	NOT_REFR_NUM	NULL	F	973_tu
1231	NP_217261.1	NP_217454.1	Known	NOT_REFR_ORG	NOT_REFR_NUM	NULL	F	973_tu
1232	NP_217261.1	NP_217455.1	Known	NOT_REFR_ORG	NOT_REFR_NUM	NULL	F	973_tu
1233	NP_217261.1	NP_217934.1	Known	NOT_REFR_ORG	NOT_REFR_NUM	NULL	R	974_tu
1234	NP_217261.1	NP_217935.1	Known	NOT_REFR_ORG	NOT_REFR_NUM	NULL	R	975_tu
275_new	NP_217295.2	NP_217295.2	New	Bacsu,Pseudo,Pseudo	38,767,768	2	NOT_STRAND	NOT_TU_REFER
276_new	NP_217304.1	YP_177767.1	New	Staph	587	1	NOT_STRAND	NOT_TU_REFER
277_new	NP_217420.1	NP_217420.1	New	Bacsu	2434	1	NOT_STRAND	NOT_TU_REFER
278_new	NP_217518.1	NP_217511.1	New	Salmon	1018	1	R	976_tu
976_tu	NP_217518.1	YP_177916.1	New	NOT_REFR_ORG	NOT_REFR_NUM	NULL	R	976_tu
1944	NP_217596.1	NP_215750.1	Known	NOT_REFR_ORG	NOT_REFR_NUM	NULL	F	977_tu
242	NP_217596.1	NP_215751.1	Known	NOT_REFR_ORG	NOT_REFR_NUM	NULL	F	977_tu
1945	NP_217596.1	NP_215752.1	Known	NOT_REFR_ORG	NOT_REFR_NUM	NULL	F	977_tu
243	NP_217596.1	NP_215753.1	Known	NOT_REFR_ORG	NOT_REFR_NUM	NULL	F	977_tu
244	NP_217596.1	NP_215754.1	Known	NOT_REFR_ORG	NOT_REFR_NUM	NULL	F	977_tu
245	NP_217596.1	NP_215844.1	Known	NOT_REFR_ORG	NOT_REFR_NUM	NULL	F	978_tu
246	NP_217596.1	NP_216297.1	Known	NOT_REFR_ORG	NOT_REFR_NUM	NULL	R	979_tu
247	NP_217596.1	NP_216633.1	Known	NOT_REFR_ORG	NOT_REFR_NUM	NULL	NOT_STRAND	NOT_TU_REFER
1717	NP_217598.1	NP_217598.1	Known	NOT_REFR_ORG	NOT_REFR_NUM	NULL	R	980_tu
1710	NP_217598.1	NP_217599.1	Known	NOT_REFR_ORG	NOT_REFR_NUM	NULL	F	981_tu
1711	NP_217598.1	NP_217600.1	Known	NOT_REFR_ORG	NOT_REFR_NUM	NULL	F	981_tu
1712	NP_217598.1	NP_217601.1	Known	NOT_REFR_ORG	NOT_REFR_NUM	NULL	F	981_tu
1713	NP_217598.1	NP_217602.1	Known	NOT_REFR_ORG	NOT_REFR_NUM	NULL	F	981_tu
1714	NP_217598.1	NP_217603.1	Known	NOT_REFR_ORG	NOT_REFR_NUM	NULL	F	981_tu
1715	NP_217598.1	NP_217604.1	Known	NOT_REFR_ORG	NOT_REFR_NUM	NULL	F	981_tu
1716	NP_217598.1	NP_217605.1	Known	NOT_REFR_ORG	NOT_REFR_NUM	NULL	F	981_tu
248	NP_217649.1	NP_214593.1	Known	NOT_REFR_ORG	NOT_REFR_NUM	NULL	F	982_tu
821	NP_217649.1	NP_214594.1	Known	NOT_REFR_ORG	NOT_REFR_NUM	NULL	F	982_tu
822	NP_217649.1	NP_214595.1	Known	NOT_REFR_ORG	NOT_REFR_NUM	NULL	F	983_tu
823	NP_217649.1	NP_214596.2	Known	NOT_REFR_ORG	NOT_REFR_NUM	NULL	F	983_tu
824	NP_217649.1	NP_214597.1	Known	NOT_REFR_ORG	NOT_REFR_NUM	NULL	F	983_tu
983_tu	NP_217649.1	NP_214598.1	New	NOT_REFR_ORG	NOT_REFR_NUM	NULL	F	983_tu
983_tu	NP_217649.1	NP_214599.1	New	NOT_REFR_ORG	NOT_REFR_NUM	NULL	F	983_tu
983_tu	NP_217649.1	NP_214600.1	New	NOT_REFR_ORG	NOT_REFR_NUM	NULL	F	983_tu
983_tu	NP_217649.1	NP_214601.1	New	NOT_REFR_ORG	NOT_REFR_NUM	NULL	F	983_tu
983_tu	NP_217649.1	NP_214602.1	New	NOT_REFR_ORG	NOT_REFR_NUM	NULL	F	983_tu
279_new	NP_217649.1	NP_214766.1	New	Staph	271	1	F	984_tu
984_tu	NP_217649.1	NP_214767.1	New	NOT_REFR_ORG	NOT_REFR_NUM	NULL	F	984_tu
1235	NP_217649.1	NP_214864.1	Known	NOT_REFR_ORG	NOT_REFR_NUM	NULL	F	985_tu
1236	NP_217649.1	NP_214865.1	Known	NOT_REFR_ORG	NOT_REFR_NUM	NULL	F	985_tu
1238	NP_217649.1	NP_214867.1	Known	NOT_REFR_ORG	NOT_REFR_NUM	NULL	F	985_tu
1240	NP_217649.1	NP_214982.1	Known	NOT_REFR_ORG	NOT_REFR_NUM	NULL	F	986_tu
825	NP_217649.1	NP_215083.1	Known	NOT_REFR_ORG	NOT_REFR_NUM	NULL	F	987_tu
826	NP_217649.1	NP_215084.1	Known	NOT_REFR_ORG	NOT_REFR_NUM	NULL	F	987_tu
249	NP_217649.1	NP_215085.1	Known	NOT_REFR_ORG	NOT_REFR_NUM	NULL	R	988_tu
827	NP_217649.1	NP_215086.1	Known	NOT_REFR_ORG	NOT_REFR_NUM	NULL	R	989_tu
1946	NP_217649.1	NP_215087.1	Known	NOT_REFR_ORG	NOT_REFR_NUM	NULL	R	990_tu
250	NP_217649.1	NP_215088.1	Known	NOT_REFR_ORG	NOT_REFR_NUM	NULL	R	990_tu
251	NP_217649.1	NP_216249.1	Known	NOT_REFR_ORG	NOT_REFR_NUM	NULL	NOT_STRAND	NOT_TU_REFER
252	NP_217649.1	NP_216250.1	Known	NOT_REFR_ORG	NOT_REFR_NUM	NULL	R	991_tu
828	NP_217649.1	NP_216252.1	Known	NOT_REFR_ORG	NOT_REFR_NUM	NULL	R	992_tu
253	NP_217649.1	NP_216253.1	Known	Staph	246	1	R	992_tu
254	NP_217649.1	NP_216254.1	Known	NOT_REFR_ORG	NOT_REFR_NUM	NULL	F	993_tu
829	NP_217649.1	NP_216328.1	Known	NOT_REFR_ORG	NOT_REFR_NUM	NULL	R	994_tu
255	NP_217649.1	NP_216329.1	Known	NOT_REFR_ORG	NOT_REFR_NUM	NULL	R	995_tu
256	NP_217649.1	NP_216512.1	Known	NOT_REFR_ORG	NOT_REFR_NUM	NULL	F	996_tu
830	NP_217649.1	NP_216513.1	Known	NOT_REFR_ORG	NOT_REFR_NUM	NULL	F	997_tu
831	NP_217649.1	NP_216519.1	Known	NOT_REFR_ORG	NOT_REFR_NUM	NULL	R	998_tu
832	NP_217649.1	NP_216520.1	Known	NOT_REFR_ORG	NOT_REFR_NUM	NULL	R	998_tu
257	NP_217649.1	NP_216521.1	Known	NOT_REFR_ORG	NOT_REFR_NUM	NULL	R	998_tu
259	NP_217649.1	NP_216523.1	Known	NOT_REFR_ORG	NOT_REFR_NUM	NULL	R	999_tu
833	NP_217649.1	NP_216544.1	Known	NOT_REFR_ORG	NOT_REFR_NUM	NULL	NOT_STRAND	NOT_TU_REFER
834	NP_217649.1	NP_216545.1	Known	NOT_REFR_ORG	NOT_REFR_NUM	NULL	NOT_STRAND	NOT_TU_REFER
835	NP_217649.1	NP_216546.1	Known	NOT_REFR_ORG	NOT_REFR_NUM	NULL	NOT_STRAND	NOT_TU_REFER
260	NP_217649.1	NP_216547.1	Known	NOT_REFR_ORG	NOT_REFR_NUM	NULL	NOT_STRAND	NOT_TU_REFER
261	NP_217649.1	NP_216548.1	Known	NOT_REFR_ORG	NOT_REFR_NUM	NULL	F	1000_tu
281_new	NP_217649.1	NP_216587.1	New	Staph	242	1	NOT_STRAND	NOT_TU_REFER
282_new	NP_217649.1	NP_216877.1	New	Staph	253	1	NOT_STRAND	NOT_TU_REFER
1241	NP_217649.1	NP_217106.1	Known	NOT_REFR_ORG	NOT_REFR_NUM	NULL	F	1001_tu
836	NP_217649.1	NP_217139.1	Known	NOT_REFR_ORG	NOT_REFR_NUM	NULL	F	1002_tu
837	NP_217649.1	NP_217140.1	Known	NOT_REFR_ORG	NOT_REFR_NUM	NULL	R	1003_tu
838	NP_217649.1	NP_217141.1	Known	NOT_REFR_ORG	NOT_REFR_NUM	NULL	R	1003_tu
262	NP_217649.1	NP_217142.1	Known	NOT_REFR_ORG	NOT_REFR_NUM	NULL	R	1003_tu
263	NP_217649.1	NP_217143.1	Known	NOT_REFR_ORG	NOT_REFR_NUM	NULL	R	1004_tu
264	NP_217649.1	NP_217144.1	Known	NOT_REFR_ORG	NOT_REFR_NUM	NULL	F	1005_tu
839	NP_217649.1	NP_217145.1	Known	NOT_REFR_ORG	NOT_REFR_NUM	NULL	F	1006_tu
840	NP_217649.1	NP_217146.1	Known	NOT_REFR_ORG	NOT_REFR_NUM	NULL	F	1006_tu
841	NP_217649.1	NP_217147.2	Known	NOT_REFR_ORG	NOT_REFR_NUM	NULL	F	1007_tu
2219	NP_217649.1	NP_217345.1	Known	NOT_REFR_ORG	NOT_REFR_NUM	NULL	NOT_STRAND	NOT_TU_REFER
842	NP_217649.1	NP_217346.1	Known	NOT_REFR_ORG	NOT_REFR_NUM	NULL	NOT_STRAND	NOT_TU_REFER
846	NP_217649.1	NP_217642.1	Known	NOT_REFR_ORG	NOT_REFR_NUM	NULL	R	1008_tu
265	NP_217649.1	NP_217643.1	Known	NOT_REFR_ORG	NOT_REFR_NUM	NULL	F	1009_tu
266	NP_217649.1	NP_217646.1	Known	NOT_REFR_ORG	NOT_REFR_NUM	NULL	R	1010_tu
267	NP_217649.1	NP_217647.3	Known	NOT_REFR_ORG	NOT_REFR_NUM	NULL	F	1011_tu
843	NP_217649.1	NP_217648.1	Known	NOT_REFR_ORG	NOT_REFR_NUM	NULL	R	1012_tu
844	NP_217649.1	NP_217649.1	Known	Bacsu	1146	1	R	1012_tu
268	NP_217649.1	NP_217650.1	Known	NOT_REFR_ORG	NOT_REFR_NUM	NULL	R	1012_tu
1242	NP_217649.1	NP_218021.1	Known	NOT_REFR_ORG	NOT_REFR_NUM	NULL	F	1013_tu
1243	NP_217649.1	NP_218022.1	Known	NOT_REFR_ORG	NOT_REFR_NUM	NULL	F	1013_tu
845	NP_217649.1	NP_218358.1	Known	NOT_REFR_ORG	NOT_REFR_NUM	NULL	F	1014_tu
1237	NP_217649.1	YP_177719.1	Known	NOT_REFR_ORG	NOT_REFR_NUM	NULL	F	985_tu
1239	NP_217649.1	YP_177728.1	Known	NOT_REFR_ORG	NOT_REFR_NUM	NULL	F	1015_tu
258	NP_217649.1	YP_177855.1	Known	NOT_REFR_ORG	NOT_REFR_NUM	NULL	F	1016_tu
1244	NP_217680.1	NP_217106.1	Known	NOT_REFR_ORG	NOT_REFR_NUM	NULL	F	1017_tu
269	NP_217739.1	NP_214656.1	Known	NOT_REFR_ORG	NOT_REFR_NUM	NULL	F	1018_tu
1947	NP_217739.1	NP_214764.1	Known	NOT_REFR_ORG	NOT_REFR_NUM	NULL	R	1019_tu
270	NP_217739.1	NP_214765.1	Known	NOT_REFR_ORG	NOT_REFR_NUM	NULL	R	1020_tu
271	NP_217739.1	NP_214766.1	Known	NOT_REFR_ORG	NOT_REFR_NUM	NULL	F	1021_tu
1021_tu	NP_217739.1	NP_214767.1	New	NOT_REFR_ORG	NOT_REFR_NUM	NULL	F	1021_tu
272	NP_217739.1	NP_214864.1	Known	NOT_REFR_ORG	NOT_REFR_NUM	NULL	F	1022_tu
1948	NP_217739.1	NP_214865.1	Known	NOT_REFR_ORG	NOT_REFR_NUM	NULL	F	1022_tu
1950	NP_217739.1	NP_214867.1	Known	NOT_REFR_ORG	NOT_REFR_NUM	NULL	F	1022_tu
274	NP_217739.1	NP_214898.1	Known	NOT_REFR_ORG	NOT_REFR_NUM	NULL	R	1023_tu
275	NP_217739.1	NP_214899.1	Known	NOT_REFR_ORG	NOT_REFR_NUM	NULL	F	1024_tu
1952	NP_217739.1	NP_215504.1	Known	NOT_REFR_ORG	NOT_REFR_NUM	NULL	R	1025_tu
1953	NP_217739.1	NP_215505.1	Known	NOT_REFR_ORG	NOT_REFR_NUM	NULL	R	1025_tu
276	NP_217739.1	NP_215506.1	Known	NOT_REFR_ORG	NOT_REFR_NUM	NULL	R	1026_tu
1954	NP_217739.1	NP_215507.1	Known	NOT_REFR_ORG	NOT_REFR_NUM	NULL	R	1027_tu
277	NP_217739.1	NP_215588.1	Known	NOT_REFR_ORG	NOT_REFR_NUM	NULL	F	1028_tu
1955	NP_217739.1	NP_215589.1	Known	NOT_REFR_ORG	NOT_REFR_NUM	NULL	F	1029_tu
278	NP_217739.1	NP_215737.1	Known	NOT_REFR_ORG	NOT_REFR_NUM	NULL	F	1030_tu
279	NP_217739.1	NP_215739.2	Known	NOT_REFR_ORG	NOT_REFR_NUM	NULL	NOT_STRAND	NOT_TU_REFER
1956	NP_217739.1	NP_215740.1	Known	NOT_REFR_ORG	NOT_REFR_NUM	NULL	NOT_STRAND	NOT_TU_REFER
280	NP_217739.1	NP_215850.1	Known	NOT_REFR_ORG	NOT_REFR_NUM	NULL	NOT_STRAND	NOT_TU_REFER
1957	NP_217739.1	NP_215851.1	Known	NOT_REFR_ORG	NOT_REFR_NUM	NULL	NOT_STRAND	NOT_TU_REFER
1958	NP_217739.1	NP_215852.1	Known	NOT_REFR_ORG	NOT_REFR_NUM	NULL	NOT_STRAND	NOT_TU_REFER
1959	NP_217739.1	NP_215853.1	Known	NOT_REFR_ORG	NOT_REFR_NUM	NULL	NOT_STRAND	NOT_TU_REFER
1960	NP_217739.1	NP_215854.1	Known	NOT_REFR_ORG	NOT_REFR_NUM	NULL	NOT_STRAND	NOT_TU_REFER
1961	NP_217739.1	NP_215985.1	Known	NOT_REFR_ORG	NOT_REFR_NUM	NULL	F	1031_tu
1962	NP_217739.1	NP_215986.1	Known	NOT_REFR_ORG	NOT_REFR_NUM	NULL	F	1031_tu
1031_tu	NP_217739.1	NP_215988.1	New	NOT_REFR_ORG	NOT_REFR_NUM	NULL	F	1031_tu
1031_tu	NP_217739.1	NP_215989.1	New	NOT_REFR_ORG	NOT_REFR_NUM	NULL	F	1031_tu
282	NP_217739.1	NP_216051.1	Known	NOT_REFR_ORG	NOT_REFR_NUM	NULL	F	1032_tu
283	NP_217739.1	NP_216161.1	Known	NOT_REFR_ORG	NOT_REFR_NUM	NULL	R	1033_tu
285	NP_217739.1	NP_216824.1	Known	NOT_REFR_ORG	NOT_REFR_NUM	NULL	F	1034_tu
286	NP_217739.1	NP_216982.1	Known	NOT_REFR_ORG	NOT_REFR_NUM	NULL	R	1035_tu
288	NP_217739.1	NP_217215.1	Known	NOT_REFR_ORG	NOT_REFR_NUM	NULL	R	1036_tu
289	NP_217739.1	NP_217216.1	Known	NOT_REFR_ORG	NOT_REFR_NUM	NULL	F	1037_tu
290	NP_217739.1	NP_217219.1	Known	NOT_REFR_ORG	NOT_REFR_NUM	NULL	F	1038_tu
1038_tu	NP_217739.1	NP_217220.1	New	NOT_REFR_ORG	NOT_REFR_NUM	NULL	F	1038_tu
291	NP_217739.1	NP_217226.1	Known	NOT_REFR_ORG	NOT_REFR_NUM	NULL	F	1039_tu
1964	NP_217739.1	NP_217227.1	Known	NOT_REFR_ORG	NOT_REFR_NUM	NULL	F	1040_tu
292	NP_217739.1	NP_217570.1	Known	NOT_REFR_ORG	NOT_REFR_NUM	NULL	R	1041_tu
293	NP_217739.1	NP_217571.1	Known	NOT_REFR_ORG	NOT_REFR_NUM	NULL	F	1042_tu
1965	NP_217739.1	NP_217572.1	Known	NOT_REFR_ORG	NOT_REFR_NUM	NULL	F	1042_tu
1966	NP_217739.1	NP_217721.1	Known	NOT_REFR_ORG	NOT_REFR_NUM	NULL	R	1043_tu
1967	NP_217739.1	NP_217738.1	Known	NOT_REFR_ORG	NOT_REFR_NUM	NULL	NOT_STRAND	NOT_TU_REFER
295	NP_217739.1	NP_217739.1	Known	NOT_REFR_ORG	NOT_REFR_NUM	NULL	NOT_STRAND	NOT_TU_REFER
296	NP_217739.1	NP_217980.1	Known	NOT_REFR_ORG	NOT_REFR_NUM	NULL	F	1044_tu
297	NP_217739.1	NP_218430.1	Known	NOT_REFR_ORG	NOT_REFR_NUM	NULL	F	1045_tu
1968	NP_217739.1	NP_218431.1	Known	NOT_REFR_ORG	NOT_REFR_NUM	NULL	F	1045_tu
1034_tu	NP_217739.1	YP_009030038.1	New	NOT_REFR_ORG	NOT_REFR_NUM	NULL	F	1034_tu
1949	NP_217739.1	YP_177719.1	Known	NOT_REFR_ORG	NOT_REFR_NUM	NULL	F	1022_tu
1951	NP_217739.1	YP_177720.1	Known	NOT_REFR_ORG	NOT_REFR_NUM	NULL	R	1046_tu
273	NP_217739.1	YP_177721.2	Known	NOT_REFR_ORG	NOT_REFR_NUM	NULL	R	1047_tu
281	NP_217739.1	YP_177815.1	Known	NOT_REFR_ORG	NOT_REFR_NUM	NULL	F	1031_tu
284	NP_217739.1	YP_177825.1	Known	NOT_REFR_ORG	NOT_REFR_NUM	NULL	F	1048_tu
1963	NP_217739.1	YP_177884.1	Known	NOT_REFR_ORG	NOT_REFR_NUM	NULL	NOT_STRAND	NOT_TU_REFER
287	NP_217739.1	YP_177885.1	Known	NOT_REFR_ORG	NOT_REFR_NUM	NULL	F	1049_tu
294	NP_217739.1	YP_177942.1	Known	NOT_REFR_ORG	NOT_REFR_NUM	NULL	R	1043_tu
284_new	NP_217763.1	NP_214836.1	New	Bacsu	1531	1	F	1050_tu
285_new	NP_217763.1	NP_215335.1	New	Bacsu,Bacsu	1288,1289	1	NOT_STRAND	NOT_TU_REFER
286_new	NP_217763.1	NP_215445.2	New	Bacsu	1287	1	NOT_STRAND	NOT_TU_REFER
287_new	NP_217763.1	NP_217763.1	New	Bacsu,Ecoli	246,335	2	NOT_STRAND	NOT_TU_REFER
288_new	NP_217763.1	NP_218359.1	New	Bacsu	156	1	R	1051_tu
1051_tu	NP_217763.1	NP_218360.1	New	NOT_REFR_ORG	NOT_REFR_NUM	NULL	R	1051_tu
289_new	NP_217763.1	YP_177771.1	New	Bacsu	1290	1	NOT_STRAND	NOT_TU_REFER
298	NP_217796.1	NP_214603.1	Known	NOT_REFR_ORG	NOT_REFR_NUM	NULL	F	1052_tu
290_new	NP_217796.1	NP_215292.1	New	Bacsu	702	1	NOT_STRAND	NOT_TU_REFER
299	NP_217796.1	NP_215692.1	Known	NOT_REFR_ORG	NOT_REFR_NUM	NULL	NOT_STRAND	NOT_TU_REFER
300	NP_217796.1	NP_216084.1	Known	Ecoli,Salmon	359,1163	2	F	1053_tu
292_new	NP_217796.1	NP_216086.1	New	Bacsu,Ecoli,Salmon	700,362,1167	3	F	1053_tu
1053_tu	NP_217796.1	NP_216087.1	New	NOT_REFR_ORG	NOT_REFR_NUM	NULL	F	1053_tu
301	NP_217796.1	NP_216105.1	Known	Bacsu,Ecoli,Salmon	699,360,1164	3	F	1054_tu
1054_tu	NP_217796.1	NP_216106.1	New	NOT_REFR_ORG	NOT_REFR_NUM	NULL	F	1054_tu
1054_tu	NP_217796.1	NP_216107.1	New	NOT_REFR_ORG	NOT_REFR_NUM	NULL	F	1054_tu
294_new	NP_217796.1	NP_216656.1	New	Salmon	1162	1	R	1055_tu
295_new	NP_217796.1	YP_177822.1	New	Bacsu,Ecoli,Salmon	701,363,1165	3	F	1053_tu
1055_tu	NP_217796.1	YP_177864.1	New	NOT_REFR_ORG	NOT_REFR_NUM	NULL	R	1055_tu
302	NP_217808.1	NP_214546.1	Known	NOT_REFR_ORG	NOT_REFR_NUM	NULL	F	1056_tu
1969	NP_217808.1	NP_214547.1	Known	NOT_REFR_ORG	NOT_REFR_NUM	NULL	F	1056_tu
1970	NP_217808.1	NP_214548.1	Known	NOT_REFR_ORG	NOT_REFR_NUM	NULL	F	1056_tu
303	NP_217808.1	NP_214583.1	Known	Ecoli	2463	1	R	1057_tu
1972	NP_217808.1	NP_214584.1	Known	NOT_REFR_ORG	NOT_REFR_NUM	NULL	R	1057_tu
297_new	NP_217808.1	NP_214587.1	New	Ecoli	2444	1	NOT_STRAND	NOT_TU_REFER
304	NP_217808.1	NP_214703.1	Known	Ecoli,Salmon	2432,2879	2	R	1058_tu
299_new	NP_217808.1	NP_214851.1	New	Ecoli	2402	1	R	1059_tu
1059_tu	NP_217808.1	NP_214852.1	New	NOT_REFR_ORG	NOT_REFR_NUM	NULL	R	1059_tu
300_new	NP_217808.1	NP_215002.1	New	Ecoli,Salmon	2404,2864	2	F	1060_tu
305	NP_217808.1	NP_215186.1	Known	Ecoli	2401	1	NOT_STRAND	NOT_TU_REFER
1973	NP_217808.1	NP_215187.1	Known	NOT_REFR_ORG	NOT_REFR_NUM	NULL	NOT_STRAND	NOT_TU_REFER
1974	NP_217808.1	NP_215188.1	Known	NOT_REFR_ORG	NOT_REFR_NUM	NULL	NOT_STRAND	NOT_TU_REFER
1628	NP_217808.1	NP_215228.1	Known	NOT_REFR_ORG	NOT_REFR_NUM	NULL	F	1061_tu
2549	NP_217808.1	NP_215229.1	Known	NOT_REFR_ORG	NOT_REFR_NUM	NULL	F	1061_tu
2550	NP_217808.1	NP_215230.1	Known	NOT_REFR_ORG	NOT_REFR_NUM	NULL	F	1061_tu
2552	NP_217808.1	NP_215232.1	Known	NOT_REFR_ORG	NOT_REFR_NUM	NULL	F	1062_tu
2553	NP_217808.1	NP_215233.1	Known	NOT_REFR_ORG	NOT_REFR_NUM	NULL	F	1062_tu
2554	NP_217808.1	NP_215234.1	Known	NOT_REFR_ORG	NOT_REFR_NUM	NULL	F	1062_tu
2555	NP_217808.1	NP_215235.1	Known	NOT_REFR_ORG	NOT_REFR_NUM	NULL	F	1062_tu
2556	NP_217808.1	NP_215236.1	Known	NOT_REFR_ORG	NOT_REFR_NUM	NULL	F	1062_tu
2557	NP_217808.1	NP_215237.1	Known	NOT_REFR_ORG	NOT_REFR_NUM	NULL	F	1062_tu
1062_tu	NP_217808.1	NP_215238.1	New	NOT_REFR_ORG	NOT_REFR_NUM	NULL	F	1062_tu
302_new	NP_217808.1	NP_215282.1	New	Ecoli	2420	1	F	1063_tu
1063_tu	NP_217808.1	NP_215283.1	New	NOT_REFR_ORG	NOT_REFR_NUM	NULL	F	1063_tu
306	NP_217808.1	NP_215399.1	Known	NOT_REFR_ORG	NOT_REFR_NUM	NULL	R	1064_tu
1630	NP_217808.1	NP_215448.1	Known	NOT_REFR_ORG	NOT_REFR_NUM	NULL	F	1065_tu
2560	NP_217808.1	NP_215451.1	Known	NOT_REFR_ORG	NOT_REFR_NUM	NULL	F	1065_tu
303_new	NP_217808.1	NP_215507.1	New	Ecoli	2411	1	R	1066_tu
1975	NP_217808.1	NP_215796.1	Known	NOT_REFR_ORG	NOT_REFR_NUM	NULL	R	1067_tu
307	NP_217808.1	NP_215797.1	Known	NOT_REFR_ORG	NOT_REFR_NUM	NULL	R	1067_tu
308	NP_217808.1	NP_215798.1	Known	Ecoli	2456	1	R	1067_tu
1976	NP_217808.1	NP_215799.1	Known	NOT_REFR_ORG	NOT_REFR_NUM	NULL	R	1067_tu
2561	NP_217808.1	NP_215819.1	Known	NOT_REFR_ORG	NOT_REFR_NUM	NULL	F	1068_tu
2562	NP_217808.1	NP_215820.1	Known	NOT_REFR_ORG	NOT_REFR_NUM	NULL	F	1068_tu
1631	NP_217808.1	NP_215821.1	Known	NOT_REFR_ORG	NOT_REFR_NUM	NULL	F	1068_tu
2563	NP_217808.1	NP_215822.1	Known	NOT_REFR_ORG	NOT_REFR_NUM	NULL	F	1068_tu
2564	NP_217808.1	NP_215823.1	Known	NOT_REFR_ORG	NOT_REFR_NUM	NULL	F	1068_tu
1632	NP_217808.1	NP_215824.1	Known	NOT_REFR_ORG	NOT_REFR_NUM	NULL	F	1068_tu
2565	NP_217808.1	NP_215825.1	Known	NOT_REFR_ORG	NOT_REFR_NUM	NULL	F	1068_tu
2566	NP_217808.1	NP_215826.1	Known	NOT_REFR_ORG	NOT_REFR_NUM	NULL	F	1068_tu
2567	NP_217808.1	NP_215827.1	Known	NOT_REFR_ORG	NOT_REFR_NUM	NULL	F	1068_tu
2568	NP_217808.1	NP_215828.1	Known	NOT_REFR_ORG	NOT_REFR_NUM	NULL	F	1068_tu
1977	NP_217808.1	NP_216074.1	Known	NOT_REFR_ORG	NOT_REFR_NUM	NULL	NOT_STRAND	NOT_TU_REFER
309	NP_217808.1	NP_216075.1	Known	Ecoli	2431	1	NOT_STRAND	NOT_TU_REFER
310	NP_217808.1	NP_216156.1	Known	NOT_REFR_ORG	NOT_REFR_NUM	NULL	NOT_STRAND	NOT_TU_REFER
306_new	NP_217808.1	NP_216327.1	New	Salmon	2875	1	F	1069_tu
311	NP_217808.1	NP_216342.1	Known	Ecoli,Salmon	2423,2862	2	NOT_STRAND	NOT_TU_REFER
312	NP_217808.1	NP_216348.1	Known	Ecoli	2424	1	NOT_STRAND	NOT_TU_REFER
313	NP_217808.1	NP_216726.1	Known	Ecoli,Salmon	2433,2878	2	R	1070_tu
314	NP_217808.1	NP_216727.1	Known	Ecoli,Salmon	2425,2863	2	R	1071_tu
1633	NP_217808.1	NP_216916.1	Known	NOT_REFR_ORG	NOT_REFR_NUM	NULL	NOT_STRAND	NOT_TU_REFER
1978	NP_217808.1	NP_217079.1	Known	NOT_REFR_ORG	NOT_REFR_NUM	NULL	F	1072_tu
315	NP_217808.1	NP_217080.1	Known	NOT_REFR_ORG	NOT_REFR_NUM	NULL	F	1072_tu
1634	NP_217808.1	NP_217100.1	Known	NOT_REFR_ORG	NOT_REFR_NUM	NULL	NOT_STRAND	NOT_TU_REFER
311_new	NP_217808.1	NP_217105.1	New	Ecoli	2422	1	F	1073_tu
2569	NP_217808.1	NP_217172.1	Known	NOT_REFR_ORG	NOT_REFR_NUM	NULL	NOT_STRAND	NOT_TU_REFER
2570	NP_217808.1	NP_217173.1	Known	NOT_REFR_ORG	NOT_REFR_NUM	NULL	NOT_STRAND	NOT_TU_REFER
2571	NP_217808.1	NP_217174.1	Known	NOT_REFR_ORG	NOT_REFR_NUM	NULL	NOT_STRAND	NOT_TU_REFER
2572	NP_217808.1	NP_217175.1	Known	NOT_REFR_ORG	NOT_REFR_NUM	NULL	NOT_STRAND	NOT_TU_REFER
2573	NP_217808.1	NP_217176.1	Known	NOT_REFR_ORG	NOT_REFR_NUM	NULL	R	1074_tu
1635	NP_217808.1	NP_217177.1	Known	NOT_REFR_ORG	NOT_REFR_NUM	NULL	R	1074_tu
1636	NP_217808.1	NP_217179.1	Known	NOT_REFR_ORG	NOT_REFR_NUM	NULL	F	1075_tu
2574	NP_217808.1	NP_217180.1	Known	NOT_REFR_ORG	NOT_REFR_NUM	NULL	F	1075_tu
312_new	NP_217808.1	NP_217452.1	New	Salmon	2868	1	NOT_STRAND	NOT_TU_REFER
316	NP_217808.1	NP_217503.1	Known	NOT_REFR_ORG	NOT_REFR_NUM	NULL	R	1076_tu
317	NP_217808.1	NP_217504.1	Known	NOT_REFR_ORG	NOT_REFR_NUM	NULL	R	1076_tu
318	NP_217808.1	NP_217511.1	Known	NOT_REFR_ORG	NOT_REFR_NUM	NULL	R	1077_tu
1979	NP_217808.1	NP_217517.3	Known	NOT_REFR_ORG	NOT_REFR_NUM	NULL	R	1078_tu
320	NP_217808.1	NP_217518.1	Known	Ecoli,Ecoli,Salmon	2434,2435,2849	2	R	1078_tu
322	NP_217808.1	NP_217596.1	Known	NOT_REFR_ORG	NOT_REFR_NUM	NULL	NOT_STRAND	NOT_TU_REFER
1637	NP_217808.1	NP_217661.1	Known	NOT_REFR_ORG	NOT_REFR_NUM	NULL	F	1079_tu
2575	NP_217808.1	NP_217662.1	Known	NOT_REFR_ORG	NOT_REFR_NUM	NULL	F	1079_tu
2576	NP_217808.1	NP_217663.1	Known	NOT_REFR_ORG	NOT_REFR_NUM	NULL	F	1079_tu
2577	NP_217808.1	NP_217664.1	Known	NOT_REFR_ORG	NOT_REFR_NUM	NULL	F	1079_tu
2578	NP_217808.1	NP_217665.1	Known	NOT_REFR_ORG	NOT_REFR_NUM	NULL	F	1079_tu
2579	NP_217808.1	NP_217666.1	Known	NOT_REFR_ORG	NOT_REFR_NUM	NULL	F	1079_tu
2580	NP_217808.1	NP_217667.1	Known	NOT_REFR_ORG	NOT_REFR_NUM	NULL	F	1079_tu
314_new	NP_217808.1	NP_217744.1	New	Ecoli	2405	1	F	1080_tu
1080_tu	NP_217808.1	NP_217745.1	New	NOT_REFR_ORG	NOT_REFR_NUM	NULL	F	1080_tu
1638	NP_217808.1	NP_217777.1	Known	NOT_REFR_ORG	NOT_REFR_NUM	NULL	R	1081_tu
2581	NP_217808.1	NP_217806.1	Known	NOT_REFR_ORG	NOT_REFR_NUM	NULL	NOT_STRAND	NOT_TU_REFER
1639	NP_217808.1	NP_217807.1	Known	NOT_REFR_ORG	NOT_REFR_NUM	NULL	NOT_STRAND	NOT_TU_REFER
323	NP_217808.1	NP_217808.1	Known	Ecoli,Salmon	2449,2851	2	NOT_STRAND	NOT_TU_REFER
324	NP_217808.1	NP_217877.1	Known	NOT_REFR_ORG	NOT_REFR_NUM	NULL	F	1082_tu
1640	NP_217808.1	NP_217932.1	Known	NOT_REFR_ORG	NOT_REFR_NUM	NULL	NOT_STRAND	NOT_TU_REFER
316_new	NP_217808.1	NP_218115.1	New	Ecoli	2451	1	R	1083_tu
325	NP_217808.1	NP_218182.1	Known	NOT_REFR_ORG	NOT_REFR_NUM	NULL	NOT_STRAND	NOT_TU_REFER
317_new	NP_217808.1	NP_218183.1	New	Salmon	2856	1	NOT_STRAND	NOT_TU_REFER
318_new	NP_217808.1	NP_218195.1	New	Ecoli	2462	1	NOT_STRAND	NOT_TU_REFER
326	NP_217808.1	NP_218227.3	Known	NOT_REFR_ORG	NOT_REFR_NUM	NULL	F	1084_tu
2582	NP_217808.1	NP_218341.1	Known	NOT_REFR_ORG	NOT_REFR_NUM	NULL	R	1085_tu
1641	NP_217808.1	NP_218342.1	Known	NOT_REFR_ORG	NOT_REFR_NUM	NULL	R	1085_tu
327	NP_217808.1	NP_218375.1	Known	Ecoli,Salmon	2427,2866	2	R	1086_tu
328	NP_217808.1	NP_218376.1	Known	Ecoli,Salmon	2426,2865	2	R	1086_tu
2583	NP_217808.1	NP_218434.2	Known	NOT_REFR_ORG	NOT_REFR_NUM	NULL	NOT_STRAND	NOT_TU_REFER
1642	NP_217808.1	NP_218436.2	Known	NOT_REFR_ORG	NOT_REFR_NUM	NULL	NOT_STRAND	NOT_TU_REFER
2584	NP_217808.1	NP_218437.1	Known	NOT_REFR_ORG	NOT_REFR_NUM	NULL	R	1087_tu
2585	NP_217808.1	NP_218438.1	Known	NOT_REFR_ORG	NOT_REFR_NUM	NULL	R	1088_tu
2586	NP_217808.1	NP_218439.1	Known	NOT_REFR_ORG	NOT_REFR_NUM	NULL	R	1088_tu
2587	NP_217808.1	NP_218440.3	Known	NOT_REFR_ORG	NOT_REFR_NUM	NULL	R	1088_tu
2588	NP_217808.1	NP_218441.1	Known	NOT_REFR_ORG	NOT_REFR_NUM	NULL	R	1088_tu
1971	NP_217808.1	YP_177686.1	Known	NOT_REFR_ORG	NOT_REFR_NUM	NULL	F	1056_tu
321_new	NP_217808.1	YP_177734.1	New	Ecoli	2421	1	F	1089_tu
2551	NP_217808.1	YP_177747.1	Known	NOT_REFR_ORG	NOT_REFR_NUM	NULL	F	1061_tu
1629	NP_217808.1	YP_177769.1	Known	NOT_REFR_ORG	NOT_REFR_NUM	NULL	NOT_STRAND	NOT_TU_REFER
2558	NP_217808.1	YP_177770.1	Known	NOT_REFR_ORG	NOT_REFR_NUM	NULL	F	1065_tu
2559	NP_217808.1	YP_177771.1	Known	NOT_REFR_ORG	NOT_REFR_NUM	NULL	F	1065_tu
319	NP_217808.1	YP_177916.1	Known	NOT_REFR_ORG	NOT_REFR_NUM	NULL	R	1077_tu
321	NP_217808.1	YP_177917.1	Known	Ecoli,Ecoli,Salmon,Salmon	2436,2437,2848,2876	2	R	1078_tu
323_new	NP_217851.1	NP_214936.1	New	Salmon	2809	1	NOT_STRAND	NOT_TU_REFER
1980	NP_217851.1	NP_215482.1	Known	NOT_REFR_ORG	NOT_REFR_NUM	NULL	F	1090_tu
1981	NP_217851.1	NP_215483.1	Known	NOT_REFR_ORG	NOT_REFR_NUM	NULL	F	1090_tu
329	NP_217851.1	NP_215484.3	Known	Salmon	2799	1	F	1090_tu
1982	NP_217851.1	NP_215485.1	Known	NOT_REFR_ORG	NOT_REFR_NUM	NULL	F	1090_tu
325_new	NP_217851.1	NP_215647.1	New	Salmon	2802	1	NOT_STRAND	NOT_TU_REFER
326_new	NP_217851.1	NP_217851.1	New	Salmon	2800	1	F	1091_tu
1245	NP_217851.1	NP_218067.1	Known	NOT_REFR_ORG	NOT_REFR_NUM	NULL	F	1092_tu
1246	NP_217851.1	NP_218068.1	Known	NOT_REFR_ORG	NOT_REFR_NUM	NULL	F	1092_tu
1247	NP_217851.1	NP_218069.1	Known	NOT_REFR_ORG	NOT_REFR_NUM	NULL	F	1092_tu
327_new	NP_217874.1	NP_217874.1	New	Ecoli	3771	1	F	1093_tu
328_new	NP_217874.1	NP_217875.1	New	Ecoli	3772	1	F	1093_tu
1093_tu	NP_217874.1	NP_217876.1	New	NOT_REFR_ORG	NOT_REFR_NUM	NULL	F	1093_tu
329_new	NP_217874.1-NP_217875.1	NP_217874.1	New	Ecoli	3773	1	F	1094_tu
330_new	NP_217874.1-NP_217875.1	NP_217875.1	New	Ecoli	3774	1	F	1094_tu
1094_tu	NP_217874.1-NP_217875.1	NP_217876.1	New	NOT_REFR_ORG	NOT_REFR_NUM	NULL	F	1094_tu
1248	NP_217933.1	NP_214758.1	Known	NOT_REFR_ORG	NOT_REFR_NUM	NULL	R	1095_tu
1249	NP_217933.1	NP_214864.1	Known	NOT_REFR_ORG	NOT_REFR_NUM	NULL	F	1096_tu
1250	NP_217933.1	NP_214865.1	Known	NOT_REFR_ORG	NOT_REFR_NUM	NULL	F	1096_tu
1252	NP_217933.1	NP_214867.1	Known	NOT_REFR_ORG	NOT_REFR_NUM	NULL	F	1096_tu
1254	NP_217933.1	NP_214982.1	Known	NOT_REFR_ORG	NOT_REFR_NUM	NULL	F	1097_tu
1256	NP_217933.1	NP_215065.1	Known	NOT_REFR_ORG	NOT_REFR_NUM	NULL	R	1098_tu
1257	NP_217933.1	NP_215610.1	Known	NOT_REFR_ORG	NOT_REFR_NUM	NULL	F	1099_tu
1258	NP_217933.1	NP_215976.2	Known	NOT_REFR_ORG	NOT_REFR_NUM	NULL	F	1100_tu
1259	NP_217933.1	NP_215977.1	Known	NOT_REFR_ORG	NOT_REFR_NUM	NULL	F	1100_tu
1260	NP_217933.1	NP_215978.1	Known	NOT_REFR_ORG	NOT_REFR_NUM	NULL	F	1100_tu
1261	NP_217933.1	NP_215979.1	Known	NOT_REFR_ORG	NOT_REFR_NUM	NULL	F	1100_tu
1262	NP_217933.1	NP_215980.1	Known	NOT_REFR_ORG	NOT_REFR_NUM	NULL	F	1100_tu
1263	NP_217933.1	NP_215981.1	Known	NOT_REFR_ORG	NOT_REFR_NUM	NULL	F	1100_tu
1264	NP_217933.1	NP_215982.1	Known	NOT_REFR_ORG	NOT_REFR_NUM	NULL	F	1100_tu
1265	NP_217933.1	NP_216423.1	Known	NOT_REFR_ORG	NOT_REFR_NUM	NULL	R	1101_tu
1266	NP_217933.1	NP_216424.1	Known	NOT_REFR_ORG	NOT_REFR_NUM	NULL	R	1101_tu
1267	NP_217933.1	NP_216425.2	Known	NOT_REFR_ORG	NOT_REFR_NUM	NULL	R	1101_tu
1268	NP_217933.1	NP_216426.1	Known	NOT_REFR_ORG	NOT_REFR_NUM	NULL	R	1102_tu
1269	NP_217933.1	NP_216427.1	Known	NOT_REFR_ORG	NOT_REFR_NUM	NULL	R	1103_tu
1270	NP_217933.1	NP_216428.1	Known	NOT_REFR_ORG	NOT_REFR_NUM	NULL	R	1104_tu
2350	NP_217933.1	NP_216544.1	Known	NOT_REFR_ORG	NOT_REFR_NUM	NULL	NOT_STRAND	NOT_TU_REFER
2351	NP_217933.1	NP_216545.1	Known	NOT_REFR_ORG	NOT_REFR_NUM	NULL	NOT_STRAND	NOT_TU_REFER
2352	NP_217933.1	NP_216546.1	Known	NOT_REFR_ORG	NOT_REFR_NUM	NULL	NOT_STRAND	NOT_TU_REFER
1333	NP_217933.1	NP_216547.1	Known	NOT_REFR_ORG	NOT_REFR_NUM	NULL	NOT_STRAND	NOT_TU_REFER
1271	NP_217933.1	NP_217446.2	Known	NOT_REFR_ORG	NOT_REFR_NUM	NULL	F	1105_tu
1272	NP_217933.1	NP_217447.1	Known	NOT_REFR_ORG	NOT_REFR_NUM	NULL	F	1105_tu
1273	NP_217933.1	NP_217448.1	Known	NOT_REFR_ORG	NOT_REFR_NUM	NULL	F	1105_tu
1274	NP_217933.1	NP_217449.1	Known	NOT_REFR_ORG	NOT_REFR_NUM	NULL	F	1105_tu
1275	NP_217933.1	NP_217450.1	Known	NOT_REFR_ORG	NOT_REFR_NUM	NULL	F	1105_tu
1276	NP_217933.1	NP_217451.1	Known	NOT_REFR_ORG	NOT_REFR_NUM	NULL	F	1105_tu
1277	NP_217933.1	NP_217452.1	Known	NOT_REFR_ORG	NOT_REFR_NUM	NULL	F	1105_tu
1278	NP_217933.1	NP_217453.1	Known	NOT_REFR_ORG	NOT_REFR_NUM	NULL	F	1105_tu
1279	NP_217933.1	NP_217454.1	Known	NOT_REFR_ORG	NOT_REFR_NUM	NULL	F	1105_tu
1280	NP_217933.1	NP_217455.1	Known	NOT_REFR_ORG	NOT_REFR_NUM	NULL	F	1105_tu
1282	NP_217933.1	NP_217934.1	Known	NOT_REFR_ORG	NOT_REFR_NUM	NULL	R	1106_tu
1283	NP_217933.1	NP_217935.1	Known	NOT_REFR_ORG	NOT_REFR_NUM	NULL	R	1107_tu
1284	NP_217933.1	NP_218021.1	Known	NOT_REFR_ORG	NOT_REFR_NUM	NULL	F	1108_tu
1285	NP_217933.1	NP_218022.1	Known	NOT_REFR_ORG	NOT_REFR_NUM	NULL	F	1108_tu
1286	NP_217933.1	NP_218054.1	Known	NOT_REFR_ORG	NOT_REFR_NUM	NULL	F	1109_tu
1288	NP_217933.1	NP_218060.1	Known	NOT_REFR_ORG	NOT_REFR_NUM	NULL	NOT_STRAND	NOT_TU_REFER
1289	NP_217933.1	NP_218061.1	Known	NOT_REFR_ORG	NOT_REFR_NUM	NULL	NOT_STRAND	NOT_TU_REFER
1290	NP_217933.1	NP_218062.1	Known	NOT_REFR_ORG	NOT_REFR_NUM	NULL	NOT_STRAND	NOT_TU_REFER
1291	NP_217933.1	NP_218067.1	Known	NOT_REFR_ORG	NOT_REFR_NUM	NULL	F	1110_tu
1292	NP_217933.1	NP_218068.1	Known	NOT_REFR_ORG	NOT_REFR_NUM	NULL	F	1110_tu
1293	NP_217933.1	NP_218069.1	Known	NOT_REFR_ORG	NOT_REFR_NUM	NULL	F	1110_tu
1251	NP_217933.1	YP_177719.1	Known	NOT_REFR_ORG	NOT_REFR_NUM	NULL	F	1096_tu
1253	NP_217933.1	YP_177728.1	Known	NOT_REFR_ORG	NOT_REFR_NUM	NULL	F	1111_tu
1255	NP_217933.1	YP_177729.1	Known	NOT_REFR_ORG	NOT_REFR_NUM	NULL	F	1112_tu
1281	NP_217933.1	YP_177940.1	Known	NOT_REFR_ORG	NOT_REFR_NUM	NULL	R	1113_tu
1287	NP_217933.1	YP_177986.1	Known	NOT_REFR_ORG	NOT_REFR_NUM	NULL	F	1109_tu
331_new	NP_217953.1	NP_217953.1	New	Bacsu,Staph	989,420	2	R	1114_tu
332_new	NP_217960.1	NP_217959.1	New	Bacsu	2435	1	R	1115_tu
333_new	NP_217960.1	NP_217960.1	New	Bacsu	2433	1	R	1115_tu
334_new	NP_218074.1	NP_215491.1	New	Pseudo	304	1	NOT_STRAND	NOT_TU_REFER
1294	NP_218074.1	NP_215610.1	Known	NOT_REFR_ORG	NOT_REFR_NUM	NULL	F	1116_tu
335_new	NP_218074.1	NP_215722.1	New	Pseudo	311	1	NOT_STRAND	NOT_TU_REFER
1295	NP_218074.1	NP_215976.2	Known	NOT_REFR_ORG	NOT_REFR_NUM	NULL	F	1117_tu
1296	NP_218074.1	NP_215977.1	Known	NOT_REFR_ORG	NOT_REFR_NUM	NULL	F	1117_tu
1297	NP_218074.1	NP_215978.1	Known	NOT_REFR_ORG	NOT_REFR_NUM	NULL	F	1117_tu
1298	NP_218074.1	NP_215979.1	Known	NOT_REFR_ORG	NOT_REFR_NUM	NULL	F	1117_tu
1299	NP_218074.1	NP_215980.1	Known	NOT_REFR_ORG	NOT_REFR_NUM	NULL	F	1117_tu
1300	NP_218074.1	NP_215981.1	Known	NOT_REFR_ORG	NOT_REFR_NUM	NULL	F	1117_tu
1301	NP_218074.1	NP_215982.1	Known	NOT_REFR_ORG	NOT_REFR_NUM	NULL	F	1117_tu
336_new	NP_218074.1	NP_217017.1	New	Pseudo	309	1	NOT_STRAND	NOT_TU_REFER
337_new	NP_218074.1	NP_217740.1	New	Pseudo	310	1	F	1118_tu
338_new	NP_218074.1	NP_218066.1	New	Pseudo	305	1	NOT_STRAND	NOT_TU_REFER
1766	NP_218091.3	NP_214652.1	Known	NOT_REFR_ORG	NOT_REFR_NUM	NULL	F	1119_tu
1765	NP_218091.3	NP_214653.1	Known	NOT_REFR_ORG	NOT_REFR_NUM	NULL	F	1119_tu
1119_tu	NP_218091.3	NP_214654.1	New	NOT_REFR_ORG	NOT_REFR_NUM	NULL	F	1119_tu
330	NP_218091.3	NP_214737.1	Known	NOT_REFR_ORG	NOT_REFR_NUM	NULL	R	1120_tu
331	NP_218091.3	NP_215065.1	Known	NOT_REFR_ORG	NOT_REFR_NUM	NULL	R	1121_tu
1769	NP_218091.3	NP_215066.1	Known	NOT_REFR_ORG	NOT_REFR_NUM	NULL	F	1122_tu
1122_tu	NP_218091.3	NP_215067.1	New	NOT_REFR_ORG	NOT_REFR_NUM	NULL	F	1122_tu
1122_tu	NP_218091.3	NP_215068.1	New	NOT_REFR_ORG	NOT_REFR_NUM	NULL	F	1122_tu
1122_tu	NP_218091.3	NP_215069.1	New	NOT_REFR_ORG	NOT_REFR_NUM	NULL	F	1122_tu
1122_tu	NP_218091.3	NP_215070.1	New	NOT_REFR_ORG	NOT_REFR_NUM	NULL	F	1122_tu
1122_tu	NP_218091.3	NP_215071.1	New	NOT_REFR_ORG	NOT_REFR_NUM	NULL	F	1122_tu
332	NP_218091.3	NP_215201.1	Known	NOT_REFR_ORG	NOT_REFR_NUM	NULL	F	1123_tu
1123_tu	NP_218091.3	NP_215202.1	New	NOT_REFR_ORG	NOT_REFR_NUM	NULL	F	1123_tu
2620	NP_218091.3	NP_215440.1	Known	NOT_REFR_ORG	NOT_REFR_NUM	NULL	NOT_STRAND	NOT_TU_REFER
1755	NP_218091.3	NP_215441.1	Known	NOT_REFR_ORG	NOT_REFR_NUM	NULL	R	1124_tu
1754	NP_218091.3	NP_215442.1	Known	NOT_REFR_ORG	NOT_REFR_NUM	NULL	R	1124_tu
333	NP_218091.3	NP_215455.1	Known	NOT_REFR_ORG	NOT_REFR_NUM	NULL	R	1125_tu
1983	NP_218091.3	NP_215456.1	Known	NOT_REFR_ORG	NOT_REFR_NUM	NULL	R	1126_tu
334	NP_218091.3	NP_215468.1	Known	NOT_REFR_ORG	NOT_REFR_NUM	NULL	R	1127_tu
1770	NP_218091.3	NP_215469.1	Known	NOT_REFR_ORG	NOT_REFR_NUM	NULL	F	1128_tu
1128_tu	NP_218091.3	NP_215470.1	New	NOT_REFR_ORG	NOT_REFR_NUM	NULL	F	1128_tu
1753	NP_218091.3	NP_215575.1	Known	NOT_REFR_ORG	NOT_REFR_NUM	NULL	F	1129_tu
1129_tu	NP_218091.3	NP_215576.1	New	NOT_REFR_ORG	NOT_REFR_NUM	NULL	F	1129_tu
1129_tu	NP_218091.3	NP_215577.1	New	NOT_REFR_ORG	NOT_REFR_NUM	NULL	F	1129_tu
1129_tu	NP_218091.3	NP_215578.1	New	NOT_REFR_ORG	NOT_REFR_NUM	NULL	F	1129_tu
1752	NP_218091.3	NP_215622.1	Known	NOT_REFR_ORG	NOT_REFR_NUM	NULL	R	1130_tu
1130_tu	NP_218091.3	NP_215623.1	New	NOT_REFR_ORG	NOT_REFR_NUM	NULL	R	1130_tu
1130_tu	NP_218091.3	NP_215624.1	New	NOT_REFR_ORG	NOT_REFR_NUM	NULL	R	1130_tu
1130_tu	NP_218091.3	NP_215625.1	New	NOT_REFR_ORG	NOT_REFR_NUM	NULL	R	1130_tu
1751	NP_218091.3	NP_215648.1	Known	NOT_REFR_ORG	NOT_REFR_NUM	NULL	NOT_STRAND	NOT_TU_REFER
1746	NP_218091.3	NP_215942.1	Known	NOT_REFR_ORG	NOT_REFR_NUM	NULL	R	1131_tu
1747	NP_218091.3	NP_215943.1	Known	NOT_REFR_ORG	NOT_REFR_NUM	NULL	R	1131_tu
1748	NP_218091.3	NP_215944.1	Known	NOT_REFR_ORG	NOT_REFR_NUM	NULL	R	1131_tu
335	NP_218091.3	NP_216143.1	Known	NOT_REFR_ORG	NOT_REFR_NUM	NULL	R	1132_tu
336	NP_218091.3	NP_216144.1	Known	NOT_REFR_ORG	NOT_REFR_NUM	NULL	R	1132_tu
1767	NP_218091.3	NP_216145.1	Known	NOT_REFR_ORG	NOT_REFR_NUM	NULL	F	1133_tu
337	NP_218091.3	NP_216410.1	Known	NOT_REFR_ORG	NOT_REFR_NUM	NULL	R	1134_tu
1771	NP_218091.3	NP_216411.1	Known	NOT_REFR_ORG	NOT_REFR_NUM	NULL	F	1135_tu
1750	NP_218091.3	NP_217184.1	Known	NOT_REFR_ORG	NOT_REFR_NUM	NULL	F	1136_tu
1749	NP_218091.3	NP_217185.1	Known	NOT_REFR_ORG	NOT_REFR_NUM	NULL	F	1136_tu
338	NP_218091.3	NP_217315.1	Known	NOT_REFR_ORG	NOT_REFR_NUM	NULL	F	1137_tu
339	NP_218091.3	NP_217316.1	Known	NOT_REFR_ORG	NOT_REFR_NUM	NULL	F	1137_tu
340	NP_218091.3	NP_218009.1	Known	NOT_REFR_ORG	NOT_REFR_NUM	NULL	R	1138_tu
341	NP_218091.3	NP_218010.1	Known	NOT_REFR_ORG	NOT_REFR_NUM	NULL	R	1138_tu
342	NP_218091.3	NP_218011.1	Known	NOT_REFR_ORG	NOT_REFR_NUM	NULL	R	1138_tu
343	NP_218091.3	NP_218012.1	Known	NOT_REFR_ORG	NOT_REFR_NUM	NULL	R	1138_tu
344	NP_218091.3	NP_218013.1	Known	NOT_REFR_ORG	NOT_REFR_NUM	NULL	R	1138_tu
345	NP_218091.3	NP_218014.1	Known	NOT_REFR_ORG	NOT_REFR_NUM	NULL	R	1138_tu
346	NP_218091.3	NP_218015.1	Known	NOT_REFR_ORG	NOT_REFR_NUM	NULL	R	1138_tu
348	NP_218091.3	NP_218017.1	Known	NOT_REFR_ORG	NOT_REFR_NUM	NULL	R	1138_tu
349	NP_218091.3	NP_218018.1	Known	NOT_REFR_ORG	NOT_REFR_NUM	NULL	R	1138_tu
350	NP_218091.3	NP_218019.1	Known	NOT_REFR_ORG	NOT_REFR_NUM	NULL	R	1139_tu
351	NP_218091.3	NP_218020.1	Known	NOT_REFR_ORG	NOT_REFR_NUM	NULL	R	1139_tu
1756	NP_218091.3	NP_218021.1	Known	NOT_REFR_ORG	NOT_REFR_NUM	NULL	F	1140_tu
1757	NP_218091.3	NP_218022.1	Known	NOT_REFR_ORG	NOT_REFR_NUM	NULL	F	1140_tu
1758	NP_218091.3	NP_218023.1	Known	NOT_REFR_ORG	NOT_REFR_NUM	NULL	F	1141_tu
353	NP_218091.3	NP_218033.1	Known	NOT_REFR_ORG	NOT_REFR_NUM	NULL	F	1142_tu
354	NP_218091.3	NP_218035.1	Known	NOT_REFR_ORG	NOT_REFR_NUM	NULL	R	1143_tu
355	NP_218091.3	NP_218036.1	Known	NOT_REFR_ORG	NOT_REFR_NUM	NULL	F	1144_tu
356	NP_218091.3	NP_218037.1	Known	NOT_REFR_ORG	NOT_REFR_NUM	NULL	R	1145_tu
1772	NP_218091.3	NP_218038.1	Known	NOT_REFR_ORG	NOT_REFR_NUM	NULL	F	1146_tu
1759	NP_218091.3	NP_218039.1	Known	NOT_REFR_ORG	NOT_REFR_NUM	NULL	F	1146_tu
1760	NP_218091.3	NP_218040.1	Known	NOT_REFR_ORG	NOT_REFR_NUM	NULL	F	1146_tu
1146_tu	NP_218091.3	NP_218041.1	New	NOT_REFR_ORG	NOT_REFR_NUM	NULL	F	1146_tu
1768	NP_218091.3	NP_218042.1	Known	NOT_REFR_ORG	NOT_REFR_NUM	NULL	R	1147_tu
357	NP_218091.3	NP_218043.1	Known	NOT_REFR_ORG	NOT_REFR_NUM	NULL	F	1148_tu
358	NP_218091.3	NP_218044.1	Known	NOT_REFR_ORG	NOT_REFR_NUM	NULL	F	1148_tu
359	NP_218091.3	NP_218046.1	Known	NOT_REFR_ORG	NOT_REFR_NUM	NULL	R	1149_tu
360	NP_218091.3	NP_218047.1	Known	NOT_REFR_ORG	NOT_REFR_NUM	NULL	R	1149_tu
361	NP_218091.3	NP_218048.1	Known	NOT_REFR_ORG	NOT_REFR_NUM	NULL	R	1149_tu
362	NP_218091.3	NP_218051.1	Known	NOT_REFR_ORG	NOT_REFR_NUM	NULL	R	1150_tu
363	NP_218091.3	NP_218052.1	Known	NOT_REFR_ORG	NOT_REFR_NUM	NULL	R	1150_tu
364	NP_218091.3	NP_218053.1	Known	NOT_REFR_ORG	NOT_REFR_NUM	NULL	R	1150_tu
1761	NP_218091.3	NP_218054.1	Known	NOT_REFR_ORG	NOT_REFR_NUM	NULL	F	1151_tu
365	NP_218091.3	NP_218057.1	Known	NOT_REFR_ORG	NOT_REFR_NUM	NULL	R	1152_tu
366	NP_218091.3	NP_218058.1	Known	NOT_REFR_ORG	NOT_REFR_NUM	NULL	R	1152_tu
367	NP_218091.3	NP_218059.1	Known	NOT_REFR_ORG	NOT_REFR_NUM	NULL	R	1152_tu
368	NP_218091.3	NP_218060.1	Known	NOT_REFR_ORG	NOT_REFR_NUM	NULL	R	1152_tu
369	NP_218091.3	NP_218061.1	Known	NOT_REFR_ORG	NOT_REFR_NUM	NULL	R	1152_tu
370	NP_218091.3	NP_218062.1	Known	NOT_REFR_ORG	NOT_REFR_NUM	NULL	R	1152_tu
1763	NP_218091.3	NP_218063.1	Known	NOT_REFR_ORG	NOT_REFR_NUM	NULL	F	1153_tu
1764	NP_218091.3	NP_218064.1	Known	NOT_REFR_ORG	NOT_REFR_NUM	NULL	F	1154_tu
371	NP_218091.3	NP_218084.1	Known	NOT_REFR_ORG	NOT_REFR_NUM	NULL	R	1155_tu
372	NP_218091.3	NP_218085.1	Known	NOT_REFR_ORG	NOT_REFR_NUM	NULL	R	1155_tu
373	NP_218091.3	NP_218086.1	Known	NOT_REFR_ORG	NOT_REFR_NUM	NULL	R	1155_tu
374	NP_218091.3	NP_218087.1	Known	NOT_REFR_ORG	NOT_REFR_NUM	NULL	R	1155_tu
375	NP_218091.3	NP_218088.1	Known	NOT_REFR_ORG	NOT_REFR_NUM	NULL	F	1156_tu
376	NP_218091.3	NP_218089.1	Known	NOT_REFR_ORG	NOT_REFR_NUM	NULL	F	1156_tu
377	NP_218091.3	NP_218090.1	Known	NOT_REFR_ORG	NOT_REFR_NUM	NULL	R	1157_tu
378	NP_218091.3	NP_218091.3	Known	NOT_REFR_ORG	NOT_REFR_NUM	NULL	F	1158_tu
1745	NP_218091.3	YP_177699.1	Known	NOT_REFR_ORG	NOT_REFR_NUM	NULL	R	1159_tu
1122_tu	NP_218091.3	YP_177738.1	New	NOT_REFR_ORG	NOT_REFR_NUM	NULL	F	1122_tu
347	NP_218091.3	YP_177977.1	Known	NOT_REFR_ORG	NOT_REFR_NUM	NULL	R	1138_tu
352	NP_218091.3	YP_177983.1	Known	NOT_REFR_ORG	NOT_REFR_NUM	NULL	R	1160_tu
1773	NP_218091.3	YP_177984.1	Known	NOT_REFR_ORG	NOT_REFR_NUM	NULL	F	1161_tu
1984	NP_218091.3	YP_177985.1	Known	NOT_REFR_ORG	NOT_REFR_NUM	NULL	R	1162_tu
1762	NP_218091.3	YP_177986.1	Known	NOT_REFR_ORG	NOT_REFR_NUM	NULL	F	1151_tu
1985	NP_218092.1	NP_214583.1	Known	NOT_REFR_ORG	NOT_REFR_NUM	NULL	R	1163_tu
379	NP_218092.1	NP_214584.1	Known	NOT_REFR_ORG	NOT_REFR_NUM	NULL	R	1163_tu
339_new	NP_218092.1	NP_214992.1	New	Salmon	2248	1	NOT_STRAND	NOT_TU_REFER
340_new	NP_218092.1	NP_215134.1	New	Ecoli,Ecoli	2133,2134	1	F	1164_tu
380	NP_218092.1	NP_215286.1	Known	NOT_REFR_ORG	NOT_REFR_NUM	NULL	NOT_STRAND	NOT_TU_REFER
381	NP_218092.1	NP_215291.1	Known	NOT_REFR_ORG	NOT_REFR_NUM	NULL	F	1165_tu
1165_tu	NP_218092.1	NP_215292.1	New	NOT_REFR_ORG	NOT_REFR_NUM	NULL	F	1165_tu
382	NP_218092.1	NP_215294.1	Known	NOT_REFR_ORG	NOT_REFR_NUM	NULL	F	1166_tu
383	NP_218092.1	NP_215318.1	Known	NOT_REFR_ORG	NOT_REFR_NUM	NULL	F	1167_tu
1167_tu	NP_218092.1	NP_215319.1	New	NOT_REFR_ORG	NOT_REFR_NUM	NULL	F	1167_tu
384	NP_218092.1	NP_215323.1	Known	NOT_REFR_ORG	NOT_REFR_NUM	NULL	F	1168_tu
385	NP_218092.1	NP_215324.1	Known	NOT_REFR_ORG	NOT_REFR_NUM	NULL	F	1168_tu
386	NP_218092.1	NP_215471.1	Known	NOT_REFR_ORG	NOT_REFR_NUM	NULL	F	1169_tu
387	NP_218092.1	NP_215472.1	Known	NOT_REFR_ORG	NOT_REFR_NUM	NULL	F	1169_tu
388	NP_218092.1	NP_215533.1	Known	NOT_REFR_ORG	NOT_REFR_NUM	NULL	NOT_STRAND	NOT_TU_REFER
389	NP_218092.1	NP_216342.1	Known	NOT_REFR_ORG	NOT_REFR_NUM	NULL	NOT_STRAND	NOT_TU_REFER
390	NP_218092.1	NP_216348.1	Known	NOT_REFR_ORG	NOT_REFR_NUM	NULL	NOT_STRAND	NOT_TU_REFER
391	NP_218092.1	NP_216655.1	Known	NOT_REFR_ORG	NOT_REFR_NUM	NULL	F	1170_tu
392	NP_218092.1	NP_216727.1	Known	NOT_REFR_ORG	NOT_REFR_NUM	NULL	R	1171_tu
393	NP_218092.1	NP_217435.1	Known	NOT_REFR_ORG	NOT_REFR_NUM	NULL	NOT_STRAND	NOT_TU_REFER
1986	NP_218092.1	NP_217436.1	Known	NOT_REFR_ORG	NOT_REFR_NUM	NULL	NOT_STRAND	NOT_TU_REFER
1987	NP_218092.1	NP_217791.1	Known	NOT_REFR_ORG	NOT_REFR_NUM	NULL	R	1172_tu
394	NP_218092.1	NP_217792.1	Known	NOT_REFR_ORG	NOT_REFR_NUM	NULL	R	1172_tu
395	NP_218092.1	NP_217793.1	Known	NOT_REFR_ORG	NOT_REFR_NUM	NULL	R	1172_tu
341_new	NP_218092.1	NP_217848.1	New	Ecoli	2137	1	F	1173_tu
1173_tu	NP_218092.1	NP_217849.1	New	NOT_REFR_ORG	NOT_REFR_NUM	NULL	F	1173_tu
396	NP_218092.1	NP_217913.1	Known	NOT_REFR_ORG	NOT_REFR_NUM	NULL	R	1174_tu
1174_tu	NP_218092.1	NP_217914.1	New	NOT_REFR_ORG	NOT_REFR_NUM	NULL	R	1174_tu
397	NP_218092.1	NP_217928.1	Known	NOT_REFR_ORG	NOT_REFR_NUM	NULL	NOT_STRAND	NOT_TU_REFER
398	NP_218092.1	NP_218092.1	Known	Ecoli,Salmon	2138,2247	2	R	1175_tu
1174_tu	NP_218092.1	YP_177970.1	New	NOT_REFR_ORG	NOT_REFR_NUM	NULL	R	1174_tu
1988	NP_218165.1	NP_214519.2	Known	NOT_REFR_ORG	NOT_REFR_NUM	NULL	F	1176_tu
399	NP_218165.1	NP_214520.1	Known	Ecoli,Salmon	1179,1862	2	F	1176_tu
1989	NP_218165.1	NP_214521.1	Known	NOT_REFR_ORG	NOT_REFR_NUM	NULL	F	1177_tu
400	NP_218193.1	NP_214516.1	Known	NOT_REFR_ORG	NOT_REFR_NUM	NULL	F	1178_tu
1990	NP_218193.1	NP_214517.1	Known	NOT_REFR_ORG	NOT_REFR_NUM	NULL	F	1178_tu
1178_tu	NP_218193.1	NP_214518.1	New	NOT_REFR_ORG	NOT_REFR_NUM	NULL	F	1178_tu
1991	NP_218193.1	NP_214519.2	Known	NOT_REFR_ORG	NOT_REFR_NUM	NULL	F	1179_tu
401	NP_218193.1	NP_214520.1	Known	Ecoli	615	1	F	1179_tu
1992	NP_218193.1	NP_214521.1	Known	NOT_REFR_ORG	NOT_REFR_NUM	NULL	F	1180_tu
402	NP_218193.1	NP_214523.1	Known	NOT_REFR_ORG	NOT_REFR_NUM	NULL	F	1181_tu
403	NP_218193.1	NP_214533.1	Known	NOT_REFR_ORG	NOT_REFR_NUM	NULL	R	1182_tu
404	NP_218193.1	NP_214563.1	Known	NOT_REFR_ORG	NOT_REFR_NUM	NULL	F	1183_tu
345_new	NP_218193.1	NP_214567.1	New	Ecoli	829	1	F	1184_tu
346_new	NP_218193.1	NP_214570.1	New	Ecoli	823	1	NOT_STRAND	NOT_TU_REFER
347_new	NP_218193.1	NP_214583.1	New	Ecoli	872	1	R	1185_tu
1185_tu	NP_218193.1	NP_214584.1	New	NOT_REFR_ORG	NOT_REFR_NUM	NULL	R	1185_tu
348_new	NP_218193.1	NP_214589.1	New	Ecoli	686	1	NOT_STRAND	NOT_TU_REFER
349_new	NP_218193.1	NP_214597.1	New	Ecoli	633	1	NOT_STRAND	NOT_TU_REFER
350_new	NP_218193.1	NP_214598.1	New	Ecoli	634	1	NOT_STRAND	NOT_TU_REFER
351_new	NP_218193.1	NP_214600.1	New	Ecoli	635	1	NOT_STRAND	NOT_TU_REFER
352_new	NP_218193.1	NP_214601.1	New	Ecoli	638	1	NOT_STRAND	NOT_TU_REFER
1597	NP_218193.1	NP_214617.1	Known	NOT_REFR_ORG	NOT_REFR_NUM	NULL	R	1186_tu
1594	NP_218193.1	NP_214618.1	Known	NOT_REFR_ORG	NOT_REFR_NUM	NULL	F	1187_tu
405	NP_218193.1	NP_214624.1	Known	NOT_REFR_ORG	NOT_REFR_NUM	NULL	F	1188_tu
406	NP_218193.1	NP_214648.1	Known	NOT_REFR_ORG	NOT_REFR_NUM	NULL	F	1189_tu
1993	NP_218193.1	NP_214681.1	Known	NOT_REFR_ORG	NOT_REFR_NUM	NULL	F	1190_tu
1994	NP_218193.1	NP_214682.1	Known	NOT_REFR_ORG	NOT_REFR_NUM	NULL	F	1190_tu
1996	NP_218193.1	NP_214684.1	Known	NOT_REFR_ORG	NOT_REFR_NUM	NULL	F	1190_tu
1997	NP_218193.1	NP_214685.1	Known	NOT_REFR_ORG	NOT_REFR_NUM	NULL	F	1190_tu
1998	NP_218193.1	NP_214686.1	Known	NOT_REFR_ORG	NOT_REFR_NUM	NULL	F	1190_tu
407	NP_218193.1	NP_214687.1	Known	NOT_REFR_ORG	NOT_REFR_NUM	NULL	F	1190_tu
1999	NP_218193.1	NP_214688.1	Known	NOT_REFR_ORG	NOT_REFR_NUM	NULL	F	1190_tu
2000	NP_218193.1	NP_214689.3	Known	NOT_REFR_ORG	NOT_REFR_NUM	NULL	F	1190_tu
2001	NP_218193.1	NP_214690.1	Known	NOT_REFR_ORG	NOT_REFR_NUM	NULL	F	1190_tu
2002	NP_218193.1	NP_214691.1	Known	NOT_REFR_ORG	NOT_REFR_NUM	NULL	F	1190_tu
2003	NP_218193.1	NP_214692.1	Known	NOT_REFR_ORG	NOT_REFR_NUM	NULL	F	1190_tu
408	NP_218193.1	NP_214702.1	Known	NOT_REFR_ORG	NOT_REFR_NUM	NULL	F	1191_tu
353_new	NP_218193.1	NP_214736.1	New	Ecoli	422	1	NOT_STRAND	NOT_TU_REFER
409	NP_218193.1	NP_214763.1	Known	NOT_REFR_ORG	NOT_REFR_NUM	NULL	NOT_STRAND	NOT_TU_REFER
354_new	NP_218193.1	NP_214766.1	New	Ecoli,Salmon	743,2435	2	F	1192_tu
355_new	NP_218193.1	NP_214767.1	New	Ecoli,Salmon	745,2436	2	F	1192_tu
356_new	NP_218193.1	NP_214808.1	New	Ecoli	865	1	F	1193_tu
357_new	NP_218193.1	NP_214831.1	New	Salmon	2447	1	R	1194_tu
358_new	NP_218193.1	NP_214877.1	New	Ecoli	517	1	R	1195_tu
2004	NP_218193.1	NP_214922.1	Known	NOT_REFR_ORG	NOT_REFR_NUM	NULL	NOT_STRAND	NOT_TU_REFER
411	NP_218193.1	NP_214923.1	Known	NOT_REFR_ORG	NOT_REFR_NUM	NULL	NOT_STRAND	NOT_TU_REFER
2005	NP_218193.1	NP_214942.1	Known	NOT_REFR_ORG	NOT_REFR_NUM	NULL	NOT_STRAND	NOT_TU_REFER
412	NP_218193.1	NP_214943.1	Known	NOT_REFR_ORG	NOT_REFR_NUM	NULL	NOT_STRAND	NOT_TU_REFER
2006	NP_218193.1	NP_214964.1	Known	NOT_REFR_ORG	NOT_REFR_NUM	NULL	NOT_STRAND	NOT_TU_REFER
413	NP_218193.1	NP_214965.1	Known	NOT_REFR_ORG	NOT_REFR_NUM	NULL	NOT_STRAND	NOT_TU_REFER
1610	NP_218193.1	NP_214966.1	Known	NOT_REFR_ORG	NOT_REFR_NUM	NULL	F	1196_tu
415	NP_218193.1	NP_214971.1	Known	NOT_REFR_ORG	NOT_REFR_NUM	NULL	NOT_STRAND	NOT_TU_REFER
416	NP_218193.1	NP_214972.1	Known	Ecoli,Salmon	393,2466	2	F	1197_tu
1197_tu	NP_218193.1	NP_214973.1	New	NOT_REFR_ORG	NOT_REFR_NUM	NULL	F	1197_tu
1197_tu	NP_218193.1	NP_214974.1	New	NOT_REFR_ORG	NOT_REFR_NUM	NULL	F	1197_tu
1197_tu	NP_218193.1	NP_214975.1	New	NOT_REFR_ORG	NOT_REFR_NUM	NULL	F	1197_tu
417	NP_218193.1	NP_214976.1	Known	Ecoli,Ecoli	664,665	1	F	1197_tu
1197_tu	NP_218193.1	NP_214977.1	New	NOT_REFR_ORG	NOT_REFR_NUM	NULL	F	1197_tu
2007	NP_218193.1	NP_214989.1	Known	NOT_REFR_ORG	NOT_REFR_NUM	NULL	F	1198_tu
2008	NP_218193.1	NP_214990.1	Known	NOT_REFR_ORG	NOT_REFR_NUM	NULL	F	1199_tu
2009	NP_218193.1	NP_214991.1	Known	NOT_REFR_ORG	NOT_REFR_NUM	NULL	F	1199_tu
418	NP_218193.1	NP_214992.1	Known	Ecoli,Ecoli,Salmon	485,486,2527	2	F	1199_tu
419	NP_218193.1	NP_214997.1	Known	NOT_REFR_ORG	NOT_REFR_NUM	NULL	NOT_STRAND	NOT_TU_REFER
420	NP_218193.1	NP_214999.1	Known	NOT_REFR_ORG	NOT_REFR_NUM	NULL	F	1200_tu
1200_tu	NP_218193.1	NP_215000.1	New	NOT_REFR_ORG	NOT_REFR_NUM	NULL	F	1200_tu
1200_tu	NP_218193.1	NP_215001.1	New	NOT_REFR_ORG	NOT_REFR_NUM	NULL	F	1200_tu
362_new	NP_218193.1	NP_215005.1	New	Ecoli,Ecoli,Salmon	755,756,2440	2	F	1201_tu
363_new	NP_218193.1	NP_215008.2	New	Ecoli,Salmon	775,2270	2	F	1202_tu
523	NP_218193.1	NP_215015.2	Known	NOT_REFR_ORG	NOT_REFR_NUM	NULL	R	1203_tu
364_new	NP_218193.1	NP_215025.2	New	Ecoli,Salmon	470,2438	2	NOT_STRAND	NOT_TU_REFER
421	NP_218193.1	NP_215086.1	Known	NOT_REFR_ORG	NOT_REFR_NUM	NULL	R	1204_tu
422	NP_218193.1	NP_215134.1	Known	Ecoli,Ecoli,Salmon	559,560,2319	2	F	1205_tu
2541	NP_218193.1	NP_215156.1	Known	NOT_REFR_ORG	NOT_REFR_NUM	NULL	R	1206_tu
1603	NP_218193.1	NP_215157.1	Known	NOT_REFR_ORG	NOT_REFR_NUM	NULL	R	1206_tu
2542	NP_218193.1	NP_215158.1	Known	NOT_REFR_ORG	NOT_REFR_NUM	NULL	R	1207_tu
366_new	NP_218193.1	NP_215164.1	New	Ecoli	737	1	NOT_STRAND	NOT_TU_REFER
423	NP_218193.1	NP_215165.1	Known	NOT_REFR_ORG	NOT_REFR_NUM	NULL	F	1208_tu
2010	NP_218193.1	NP_215166.1	Known	NOT_REFR_ORG	NOT_REFR_NUM	NULL	F	1208_tu
424	NP_218193.1	NP_215172.1	Known	NOT_REFR_ORG	NOT_REFR_NUM	NULL	R	1209_tu
425	NP_218193.1	NP_215194.1	Known	NOT_REFR_ORG	NOT_REFR_NUM	NULL	NOT_STRAND	NOT_TU_REFER
426	NP_218193.1	NP_215195.1	Known	NOT_REFR_ORG	NOT_REFR_NUM	NULL	F	1210_tu
427	NP_218193.1	NP_215241.1	Known	Ecoli	537	1	R	1211_tu
1211_tu	NP_218193.1	NP_215242.1	New	NOT_REFR_ORG	NOT_REFR_NUM	NULL	R	1211_tu
368_new	NP_218193.1	NP_215243.1	New	Ecoli	913	1	F	1212_tu
1212_tu	NP_218193.1	NP_215244.1	New	NOT_REFR_ORG	NOT_REFR_NUM	NULL	F	1212_tu
369_new	NP_218193.1	NP_215282.1	New	Ecoli,Salmon	549,2386	2	F	1213_tu
1213_tu	NP_218193.1	NP_215283.1	New	NOT_REFR_ORG	NOT_REFR_NUM	NULL	F	1213_tu
429	NP_218193.1	NP_215320.1	Known	NOT_REFR_ORG	NOT_REFR_NUM	NULL	F	1214_tu
370_new	NP_218193.1	NP_215338.1	New	Ecoli,Ecoli,Salmon	499,500,2429	2	R	1215_tu
430	NP_218193.1	NP_215366.1	Known	NOT_REFR_ORG	NOT_REFR_NUM	NULL	R	1216_tu
431	NP_218193.1	NP_215367.2	Known	NOT_REFR_ORG	NOT_REFR_NUM	NULL	F	1217_tu
371_new	NP_218193.1	NP_215374.1	New	Ecoli	769	1	F	1218_tu
1218_tu	NP_218193.1	NP_215375.1	New	NOT_REFR_ORG	NOT_REFR_NUM	NULL	F	1218_tu
432	NP_218193.1	NP_215382.1	Known	NOT_REFR_ORG	NOT_REFR_NUM	NULL	R	1219_tu
433	NP_218193.1	NP_215399.1	Known	NOT_REFR_ORG	NOT_REFR_NUM	NULL	R	1220_tu
1599	NP_218193.1	NP_215400.1	Known	NOT_REFR_ORG	NOT_REFR_NUM	NULL	F	1221_tu
2535	NP_218193.1	NP_215401.1	Known	NOT_REFR_ORG	NOT_REFR_NUM	NULL	F	1221_tu
434	NP_218193.1	NP_215411.1	Known	Ecoli	600	1	F	1222_tu
1601	NP_218193.1	NP_215419.1	Known	NOT_REFR_ORG	NOT_REFR_NUM	NULL	R	1223_tu
1598	NP_218193.1	NP_215420.1	Known	NOT_REFR_ORG	NOT_REFR_NUM	NULL	F	1224_tu
2534	NP_218193.1	NP_215421.1	Known	NOT_REFR_ORG	NOT_REFR_NUM	NULL	F	1224_tu
435	NP_218193.1	NP_215465.1	Known	NOT_REFR_ORG	NOT_REFR_NUM	NULL	R	1225_tu
436	NP_218193.1	NP_215466.1	Known	Ecoli	863	1	F	1226_tu
437	NP_218193.1	NP_215467.1	Known	Ecoli	864	1	F	1226_tu
2536	NP_218193.1	NP_215504.1	Known	NOT_REFR_ORG	NOT_REFR_NUM	NULL	R	1227_tu
2537	NP_218193.1	NP_215505.1	Known	NOT_REFR_ORG	NOT_REFR_NUM	NULL	R	1227_tu
2538	NP_218193.1	NP_215506.1	Known	NOT_REFR_ORG	NOT_REFR_NUM	NULL	R	1228_tu
1600	NP_218193.1	NP_215507.1	Known	NOT_REFR_ORG	NOT_REFR_NUM	NULL	R	1229_tu
1593	NP_218193.1	NP_215508.1	Known	NOT_REFR_ORG	NOT_REFR_NUM	NULL	F	1230_tu
438	NP_218193.1	NP_215511.1	Known	NOT_REFR_ORG	NOT_REFR_NUM	NULL	F	1231_tu
375_new	NP_218193.1	NP_215586.1	New	Ecoli	765	1	NOT_STRAND	NOT_TU_REFER
439	NP_218193.1	NP_215608.1	Known	NOT_REFR_ORG	NOT_REFR_NUM	NULL	R	1232_tu
376_new	NP_218193.1	NP_215614.1	New	Ecoli,Ecoli,Salmon	546,547,2346	2	NOT_STRAND	NOT_TU_REFER
377_new	NP_218193.1	NP_215615.3	New	Ecoli	599	1	NOT_STRAND	NOT_TU_REFER
378_new	NP_218193.1	NP_215646.1	New	Ecoli	790	1	F	1233_tu
379_new	NP_218193.1	NP_215647.1	New	Ecoli,Salmon	789,2282	2	F	1233_tu
1233_tu	NP_218193.1	NP_215648.1	New	NOT_REFR_ORG	NOT_REFR_NUM	NULL	F	1233_tu
380_new	NP_218193.1	NP_215657.1	New	Ecoli	766	1	R	1234_tu
2011	NP_218193.1	NP_215673.1	Known	NOT_REFR_ORG	NOT_REFR_NUM	NULL	R	1235_tu
440	NP_218193.1	NP_215674.1	Known	NOT_REFR_ORG	NOT_REFR_NUM	NULL	R	1236_tu
441	NP_218193.1	NP_215675.1	Known	NOT_REFR_ORG	NOT_REFR_NUM	NULL	F	1237_tu
381_new	NP_218193.1	NP_215677.1	New	Bacsu	218	1	F	1238_tu
382_new	NP_218193.1	NP_215678.1	New	Bacsu	1205	1	F	1238_tu
1238_tu	NP_218193.1	NP_215679.1	New	NOT_REFR_ORG	NOT_REFR_NUM	NULL	F	1238_tu
383_new	NP_218193.1	NP_215680.1	New	Bacsu	1206	1	F	1238_tu
1238_tu	NP_218193.1	NP_215681.1	New	NOT_REFR_ORG	NOT_REFR_NUM	NULL	F	1238_tu
384_new	NP_218193.1	NP_215691.1	New	Ecoli,Salmon	515,2413	2	R	1239_tu
1239_tu	NP_218193.1	NP_215692.1	New	NOT_REFR_ORG	NOT_REFR_NUM	NULL	R	1239_tu
2012	NP_218193.1	NP_215700.1	Known	NOT_REFR_ORG	NOT_REFR_NUM	NULL	R	1240_tu
442	NP_218193.1	NP_215701.1	Known	NOT_REFR_ORG	NOT_REFR_NUM	NULL	R	1241_tu
443	NP_218193.1	NP_215716.1	Known	NOT_REFR_ORG	NOT_REFR_NUM	NULL	F	1242_tu
444	NP_218193.1	NP_215728.1	Known	NOT_REFR_ORG	NOT_REFR_NUM	NULL	R	1243_tu
445	NP_218193.1	NP_215729.1	Known	Ecoli	580	1	F	1244_tu
446	NP_218193.1	NP_215746.1	Known	NOT_REFR_ORG	NOT_REFR_NUM	NULL	NOT_STRAND	NOT_TU_REFER
2013	NP_218193.1	NP_215750.1	Known	NOT_REFR_ORG	NOT_REFR_NUM	NULL	F	1245_tu
447	NP_218193.1	NP_215751.1	Known	NOT_REFR_ORG	NOT_REFR_NUM	NULL	F	1245_tu
2014	NP_218193.1	NP_215752.1	Known	NOT_REFR_ORG	NOT_REFR_NUM	NULL	F	1245_tu
448	NP_218193.1	NP_215753.1	Known	NOT_REFR_ORG	NOT_REFR_NUM	NULL	F	1245_tu
449	NP_218193.1	NP_215754.1	Known	Ecoli,Ecoli,Salmon	681,890,2448	2	F	1245_tu
450	NP_218193.1	NP_215756.1	Known	NOT_REFR_ORG	NOT_REFR_NUM	NULL	F	1246_tu
2015	NP_218193.1	NP_215757.1	Known	NOT_REFR_ORG	NOT_REFR_NUM	NULL	F	1247_tu
2016	NP_218193.1	NP_215758.1	Known	NOT_REFR_ORG	NOT_REFR_NUM	NULL	F	1247_tu
451	NP_218193.1	NP_215764.2	Known	Ecoli	861	1	R	1248_tu
2017	NP_218193.1	NP_215771.1	Known	NOT_REFR_ORG	NOT_REFR_NUM	NULL	R	1249_tu
452	NP_218193.1	NP_215772.1	Known	NOT_REFR_ORG	NOT_REFR_NUM	NULL	R	1249_tu
453	NP_218193.1	NP_215859.1	Known	NOT_REFR_ORG	NOT_REFR_NUM	NULL	R	1347_tu
388_new	NP_218193.1	NP_215908.1	New	Ecoli	703	1	F	1250_tu
456	NP_218193.1	NP_215921.1	Known	NOT_REFR_ORG	NOT_REFR_NUM	NULL	R	1251_tu
457	NP_218193.1	NP_215922.1	Known	NOT_REFR_ORG	NOT_REFR_NUM	NULL	F	1252_tu
2019	NP_218193.1	NP_215923.1	Known	NOT_REFR_ORG	NOT_REFR_NUM	NULL	F	1252_tu
1252_tu	NP_218193.1	NP_215924.1	New	NOT_REFR_ORG	NOT_REFR_NUM	NULL	F	1252_tu
1252_tu	NP_218193.1	NP_215925.1	New	NOT_REFR_ORG	NOT_REFR_NUM	NULL	F	1252_tu
458	NP_218193.1	NP_215952.1	Known	Ecoli,Salmon	567,2342	2	F	1253_tu
459	NP_218193.1	NP_215953.1	Known	Ecoli,Salmon	777,2402	2	F	1253_tu
2020	NP_218193.1	NP_215954.1	Known	NOT_REFR_ORG	NOT_REFR_NUM	NULL	F	1253_tu
391_new	NP_218193.1	NP_215967.1	New	Ecoli,Salmon	469,2287	2	F	1254_tu
392_new	NP_218193.1	NP_215989.1	New	Ecoli,Ecoli	921,922	1	NOT_STRAND	NOT_TU_REFER
2021	NP_218193.1	NP_215990.1	Known	NOT_REFR_ORG	NOT_REFR_NUM	NULL	R	1255_tu
460	NP_218193.1	NP_215991.1	Known	Ecoli,Salmon	385,2353	2	R	1255_tu
461	NP_218193.1	NP_216054.1	Known	Salmon	2405	1	R	1256_tu
462	NP_218193.1	NP_216068.1	Known	NOT_REFR_ORG	NOT_REFR_NUM	NULL	F	1257_tu
2022	NP_218193.1	NP_216069.1	Known	NOT_REFR_ORG	NOT_REFR_NUM	NULL	F	1257_tu
2023	NP_218193.1	NP_216070.1	Known	NOT_REFR_ORG	NOT_REFR_NUM	NULL	F	1257_tu
1257_tu	NP_218193.1	NP_216071.1	New	NOT_REFR_ORG	NOT_REFR_NUM	NULL	F	1257_tu
1257_tu	NP_218193.1	NP_216072.1	New	NOT_REFR_ORG	NOT_REFR_NUM	NULL	F	1257_tu
463	NP_218193.1	NP_216082.1	Known	NOT_REFR_ORG	NOT_REFR_NUM	NULL	R	1258_tu
2024	NP_218193.1	NP_216095.1	Known	NOT_REFR_ORG	NOT_REFR_NUM	NULL	R	1259_tu
2025	NP_218193.1	NP_216096.1	Known	NOT_REFR_ORG	NOT_REFR_NUM	NULL	R	1259_tu
464	NP_218193.1	NP_216097.1	Known	NOT_REFR_ORG	NOT_REFR_NUM	NULL	R	1259_tu
465	NP_218193.1	NP_216108.1	Known	NOT_REFR_ORG	NOT_REFR_NUM	NULL	R	1260_tu
395_new	NP_218193.1	NP_216112.1	New	Ecoli,Salmon	725,2267	2	NOT_STRAND	NOT_TU_REFER
396_new	NP_218193.1	NP_216174.1	New	Ecoli	408	1	NOT_STRAND	NOT_TU_REFER
2026	NP_218193.1	NP_216207.1	Known	NOT_REFR_ORG	NOT_REFR_NUM	NULL	NOT_STRAND	NOT_TU_REFER
466	NP_218193.1	NP_216208.1	Known	NOT_REFR_ORG	NOT_REFR_NUM	NULL	NOT_STRAND	NOT_TU_REFER
467	NP_218193.1	NP_216235.1	Known	Ecoli,Salmon	934,2458	2	NOT_STRAND	NOT_TU_REFER
398_new	NP_218193.1	NP_216253.1	New	Bacsu	219	1	NOT_STRAND	NOT_TU_REFER
1604	NP_218193.1	NP_216276.1	Known	NOT_REFR_ORG	NOT_REFR_NUM	NULL	F	1261_tu
469	NP_218193.1	NP_216295.1	Known	NOT_REFR_ORG	NOT_REFR_NUM	NULL	R	1262_tu
470	NP_218193.1	NP_216296.1	Known	NOT_REFR_ORG	NOT_REFR_NUM	NULL	F	1263_tu
471	NP_218193.1	NP_216326.1	Known	NOT_REFR_ORG	NOT_REFR_NUM	NULL	F	1264_tu
399_new	NP_218193.1	NP_216342.1	New	Ecoli,Salmon	574,2400	2	NOT_STRAND	NOT_TU_REFER
400_new	NP_218193.1	NP_216348.1	New	Ecoli	575	1	NOT_STRAND	NOT_TU_REFER
401_new	NP_218193.1	NP_216363.1	New	Ecoli,Salmon	508,2297	2	F	1265_tu
1265_tu	NP_218193.1	NP_216364.1	New	NOT_REFR_ORG	NOT_REFR_NUM	NULL	F	1265_tu
1265_tu	NP_218193.1	NP_216365.1	New	NOT_REFR_ORG	NOT_REFR_NUM	NULL	F	1265_tu
1265_tu	NP_218193.1	NP_216366.1	New	NOT_REFR_ORG	NOT_REFR_NUM	NULL	F	1265_tu
1265_tu	NP_218193.1	NP_216367.1	New	NOT_REFR_ORG	NOT_REFR_NUM	NULL	F	1265_tu
1265_tu	NP_218193.1	NP_216368.1	New	NOT_REFR_ORG	NOT_REFR_NUM	NULL	F	1265_tu
1265_tu	NP_218193.1	NP_216369.1	New	NOT_REFR_ORG	NOT_REFR_NUM	NULL	F	1265_tu
402_new	NP_218193.1	NP_216373.1	New	Ecoli	716	1	F	1266_tu
403_new	NP_218193.1	NP_216374.1	New	Ecoli	717	1	F	1266_tu
1266_tu	NP_218193.1	NP_216375.1	New	NOT_REFR_ORG	NOT_REFR_NUM	NULL	F	1266_tu
472	NP_218193.1	NP_216492.1	Known	NOT_REFR_ORG	NOT_REFR_NUM	NULL	R	1267_tu
473	NP_218193.1	NP_216493.1	Known	NOT_REFR_ORG	NOT_REFR_NUM	NULL	F	1268_tu
2027	NP_218193.1	NP_216505.1	Known	NOT_REFR_ORG	NOT_REFR_NUM	NULL	R	1269_tu
474	NP_218193.1	NP_216506.1	Known	NOT_REFR_ORG	NOT_REFR_NUM	NULL	R	1269_tu
404_new	NP_218193.1	NP_216556.1	New	Ecoli,Salmon	888,2450	2	NOT_STRAND	NOT_TU_REFER
405_new	NP_218193.1	NP_216585.1	New	Ecoli	825	1	F	1270_tu
475	NP_218193.1	NP_216593.1	Known	NOT_REFR_ORG	NOT_REFR_NUM	NULL	NOT_STRAND	NOT_TU_REFER
476	NP_218193.1	NP_216594.1	Known	NOT_REFR_ORG	NOT_REFR_NUM	NULL	F	1271_tu
1271_tu	NP_218193.1	NP_216595.1	New	NOT_REFR_ORG	NOT_REFR_NUM	NULL	F	1271_tu
1271_tu	NP_218193.1	NP_216596.1	New	NOT_REFR_ORG	NOT_REFR_NUM	NULL	F	1271_tu
477	NP_218193.1	NP_216633.1	Known	NOT_REFR_ORG	NOT_REFR_NUM	NULL	NOT_STRAND	NOT_TU_REFER
478	NP_218193.1	NP_216640.1	Known	NOT_REFR_ORG	NOT_REFR_NUM	NULL	R	1272_tu
406_new	NP_218193.1	NP_216709.1	New	Ecoli,Salmon	467,2289	2	F	1273_tu
1273_tu	NP_218193.1	NP_216710.1	New	NOT_REFR_ORG	NOT_REFR_NUM	NULL	F	1273_tu
1273_tu	NP_218193.1	NP_216711.1	New	NOT_REFR_ORG	NOT_REFR_NUM	NULL	F	1273_tu
1273_tu	NP_218193.1	NP_216712.1	New	NOT_REFR_ORG	NOT_REFR_NUM	NULL	F	1273_tu
407_new	NP_218193.1	NP_216727.1	New	Ecoli,Salmon	576,2401	2	R	1274_tu
479	NP_218193.1	NP_216731.1	Known	Ecoli	862	1	F	1275_tu
1275_tu	NP_218193.1	NP_216732.1	New	NOT_REFR_ORG	NOT_REFR_NUM	NULL	F	1275_tu
1275_tu	NP_218193.1	NP_216733.1	New	NOT_REFR_ORG	NOT_REFR_NUM	NULL	F	1275_tu
1275_tu	NP_218193.1	NP_216734.1	New	NOT_REFR_ORG	NOT_REFR_NUM	NULL	F	1275_tu
1275_tu	NP_218193.1	NP_216735.1	New	NOT_REFR_ORG	NOT_REFR_NUM	NULL	F	1275_tu
480	NP_218193.1	NP_216736.1	Known	Ecoli,Ecoli,Salmon	583,584,2477	2	F	1276_tu
2028	NP_218193.1	NP_216754.1	Known	NOT_REFR_ORG	NOT_REFR_NUM	NULL	R	1277_tu
481	NP_218193.1	NP_216755.1	Known	NOT_REFR_ORG	NOT_REFR_NUM	NULL	R	1277_tu
1277_tu	NP_218193.1	NP_216756.2	New	NOT_REFR_ORG	NOT_REFR_NUM	NULL	R	1277_tu
410_new	NP_218193.1	NP_216757.3	New	Ecoli,Salmon	382,2271	2	F	1278_tu
1278_tu	NP_218193.1	NP_216758.1	New	NOT_REFR_ORG	NOT_REFR_NUM	NULL	F	1278_tu
482	NP_218193.1	NP_216764.1	Known	NOT_REFR_ORG	NOT_REFR_NUM	NULL	F	1279_tu
483	NP_218193.1	NP_216809.1	Known	NOT_REFR_ORG	NOT_REFR_NUM	NULL	NOT_STRAND	NOT_TU_REFER
484	NP_218193.1	NP_216810.1	Known	NOT_REFR_ORG	NOT_REFR_NUM	NULL	F	1280_tu
485	NP_218193.1	NP_216852.1	Known	NOT_REFR_ORG	NOT_REFR_NUM	NULL	F	1281_tu
486	NP_218193.1	NP_216858.1	Known	NOT_REFR_ORG	NOT_REFR_NUM	NULL	F	1282_tu
2029	NP_218193.1	NP_216874.1	Known	NOT_REFR_ORG	NOT_REFR_NUM	NULL	F	1283_tu
487	NP_218193.1	NP_216875.1	Known	Ecoli	548	1	F	1283_tu
412_new	NP_218193.1	NP_216900.1	New	Ecoli,Salmon	507,2294	2	F	1284_tu
490	NP_218193.1	NP_216922.1	Known	NOT_REFR_ORG	NOT_REFR_NUM	NULL	R	1285_tu
491	NP_218193.1	NP_216923.1	Known	NOT_REFR_ORG	NOT_REFR_NUM	NULL	F	1286_tu
493	NP_218193.1	NP_216952.1	Known	Ecoli	811	1	F	1287_tu
494	NP_218193.1	NP_216959.1	Known	Ecoli,Salmon	477,2453	2	F	1288_tu
2030	NP_218193.1	NP_216968.1	Known	NOT_REFR_ORG	NOT_REFR_NUM	NULL	R	1289_tu
2031	NP_218193.1	NP_216969.1	Known	NOT_REFR_ORG	NOT_REFR_NUM	NULL	R	1289_tu
2032	NP_218193.1	NP_216970.1	Known	NOT_REFR_ORG	NOT_REFR_NUM	NULL	R	1289_tu
495	NP_218193.1	NP_216971.1	Known	NOT_REFR_ORG	NOT_REFR_NUM	NULL	R	1289_tu
415_new	NP_218193.1	NP_216987.1	New	Ecoli,Ecoli,Salmon	878,879,2514	2	NOT_STRAND	NOT_TU_REFER
496	NP_218193.1	NP_217001.1	Known	NOT_REFR_ORG	NOT_REFR_NUM	NULL	R	1290_tu
1609	NP_218193.1	NP_217011.1	Known	NOT_REFR_ORG	NOT_REFR_NUM	NULL	R	1291_tu
2546	NP_218193.1	NP_217012.1	Known	NOT_REFR_ORG	NOT_REFR_NUM	NULL	R	1291_tu
2547	NP_218193.1	NP_217013.1	Known	NOT_REFR_ORG	NOT_REFR_NUM	NULL	R	1291_tu
416_new	NP_218193.1	NP_217014.1	New	Ecoli	446	1	R	1292_tu
1292_tu	NP_218193.1	NP_217015.1	New	NOT_REFR_ORG	NOT_REFR_NUM	NULL	R	1292_tu
417_new	NP_218193.1	NP_217016.1	New	Ecoli	419	1	R	1292_tu
1292_tu	NP_218193.1	NP_217017.1	New	NOT_REFR_ORG	NOT_REFR_NUM	NULL	R	1292_tu
1292_tu	NP_218193.1	NP_217018.1	New	NOT_REFR_ORG	NOT_REFR_NUM	NULL	R	1292_tu
1292_tu	NP_218193.1	NP_217019.1	New	NOT_REFR_ORG	NOT_REFR_NUM	NULL	R	1292_tu
1292_tu	NP_218193.1	NP_217020.1	New	NOT_REFR_ORG	NOT_REFR_NUM	NULL	R	1292_tu
418_new	NP_218193.1	NP_217099.1	New	Ecoli	813	1	R	1293_tu
1293_tu	NP_218193.1	NP_217100.1	New	NOT_REFR_ORG	NOT_REFR_NUM	NULL	R	1293_tu
419_new	NP_218193.1	NP_217105.1	New	Ecoli,Ecoli,Salmon	551,803,2387	2	F	1294_tu
1602	NP_218193.1	NP_217166.1	Known	NOT_REFR_ORG	NOT_REFR_NUM	NULL	R	1295_tu
2539	NP_218193.1	NP_217167.1	Known	NOT_REFR_ORG	NOT_REFR_NUM	NULL	R	1295_tu
2540	NP_218193.1	NP_217168.1	Known	NOT_REFR_ORG	NOT_REFR_NUM	NULL	R	1296_tu
1296_tu	NP_218193.1	NP_217169.1	New	NOT_REFR_ORG	NOT_REFR_NUM	NULL	R	1296_tu
2033	NP_218193.1	NP_217172.1	Known	NOT_REFR_ORG	NOT_REFR_NUM	NULL	NOT_STRAND	NOT_TU_REFER
2034	NP_218193.1	NP_217173.1	Known	NOT_REFR_ORG	NOT_REFR_NUM	NULL	NOT_STRAND	NOT_TU_REFER
2035	NP_218193.1	NP_217174.1	Known	NOT_REFR_ORG	NOT_REFR_NUM	NULL	NOT_STRAND	NOT_TU_REFER
2036	NP_218193.1	NP_217175.1	Known	NOT_REFR_ORG	NOT_REFR_NUM	NULL	NOT_STRAND	NOT_TU_REFER
2037	NP_218193.1	NP_217176.1	Known	NOT_REFR_ORG	NOT_REFR_NUM	NULL	R	1297_tu
498	NP_218193.1	NP_217177.1	Known	NOT_REFR_ORG	NOT_REFR_NUM	NULL	R	1297_tu
499	NP_218193.1	NP_217215.1	Known	NOT_REFR_ORG	NOT_REFR_NUM	NULL	R	1298_tu
500	NP_218193.1	NP_217216.1	Known	NOT_REFR_ORG	NOT_REFR_NUM	NULL	F	1299_tu
420_new	NP_218193.1	NP_217226.1	New	Ecoli	828	1	F	1300_tu
421_new	NP_218193.1	NP_217241.1	New	Ecoli	618	1	R	1301_tu
1301_tu	NP_218193.1	NP_217242.1	New	NOT_REFR_ORG	NOT_REFR_NUM	NULL	R	1301_tu
1301_tu	NP_218193.1	NP_217243.1	New	NOT_REFR_ORG	NOT_REFR_NUM	NULL	R	1301_tu
1301_tu	NP_218193.1	NP_217244.1	New	NOT_REFR_ORG	NOT_REFR_NUM	NULL	R	1301_tu
422_new	NP_218193.1	NP_217299.1	New	Ecoli	779	1	NOT_STRAND	NOT_TU_REFER
423_new	NP_218193.1	NP_217301.1	New	Ecoli	831	1	NOT_STRAND	NOT_TU_REFER
424_new	NP_218193.1	NP_217349.1	New	Ecoli,Salmon	889,2451	2	NOT_STRAND	NOT_TU_REFER
425_new	NP_218193.1	NP_217350.1	New	Ecoli,Salmon	891,2449	2	NOT_STRAND	NOT_TU_REFER
2038	NP_218193.1	NP_217373.1	Known	NOT_REFR_ORG	NOT_REFR_NUM	NULL	R	1302_tu
501	NP_218193.1	NP_217374.1	Known	Ecoli	518	1	R	1302_tu
2039	NP_218193.1	NP_217375.1	Known	NOT_REFR_ORG	NOT_REFR_NUM	NULL	R	1302_tu
2040	NP_218193.1	NP_217376.1	Known	NOT_REFR_ORG	NOT_REFR_NUM	NULL	R	1302_tu
1596	NP_218193.1	NP_217434.1	Known	NOT_REFR_ORG	NOT_REFR_NUM	NULL	R	1303_tu
1303_tu	NP_218193.1	NP_217435.1	New	NOT_REFR_ORG	NOT_REFR_NUM	NULL	R	1303_tu
1303_tu	NP_218193.1	NP_217436.1	New	NOT_REFR_ORG	NOT_REFR_NUM	NULL	R	1303_tu
427_new	NP_218193.1	NP_217498.1	New	Ecoli	608	1	R	1304_tu
502	NP_218193.1	NP_217502.1	Known	NOT_REFR_ORG	NOT_REFR_NUM	NULL	R	1305_tu
503	NP_218193.1	NP_217544.1	Known	Ecoli	530	1	R	1306_tu
504	NP_218193.1	NP_217545.1	Known	Ecoli	529	1	R	1306_tu
1607	NP_218193.1	NP_217547.1	Known	NOT_REFR_ORG	NOT_REFR_NUM	NULL	NOT_STRAND	NOT_TU_REFER
430_new	NP_218193.1	NP_217548.1	New	Ecoli	579	1	NOT_STRAND	NOT_TU_REFER
431_new	NP_218193.1	NP_217559.1	New	Ecoli,Salmon	466,2290	2	NOT_STRAND	NOT_TU_REFER
505	NP_218193.1	NP_217566.1	Known	NOT_REFR_ORG	NOT_REFR_NUM	NULL	R	1307_tu
506	NP_218193.1	NP_217579.1	Known	Ecoli,Salmon	463,2298	2	F	1308_tu
507	NP_218193.1	NP_217596.1	Known	NOT_REFR_ORG	NOT_REFR_NUM	NULL	NOT_STRAND	NOT_TU_REFER
2041	NP_218193.1	NP_217599.1	Known	NOT_REFR_ORG	NOT_REFR_NUM	NULL	F	1309_tu
2042	NP_218193.1	NP_217600.1	Known	NOT_REFR_ORG	NOT_REFR_NUM	NULL	F	1309_tu
2043	NP_218193.1	NP_217601.1	Known	NOT_REFR_ORG	NOT_REFR_NUM	NULL	F	1309_tu
2044	NP_218193.1	NP_217602.1	Known	NOT_REFR_ORG	NOT_REFR_NUM	NULL	F	1309_tu
2045	NP_218193.1	NP_217603.1	Known	NOT_REFR_ORG	NOT_REFR_NUM	NULL	F	1309_tu
2046	NP_218193.1	NP_217604.1	Known	NOT_REFR_ORG	NOT_REFR_NUM	NULL	F	1309_tu
508	NP_218193.1	NP_217605.1	Known	Ecoli	421	1	F	1309_tu
1605	NP_218193.1	NP_217629.1	Known	NOT_REFR_ORG	NOT_REFR_NUM	NULL	F	1310_tu
2543	NP_218193.1	NP_217630.1	Known	NOT_REFR_ORG	NOT_REFR_NUM	NULL	F	1310_tu
434_new	NP_218193.1	NP_217731.1	New	Ecoli,Salmon	505,2293	2	NOT_STRAND	NOT_TU_REFER
509	NP_218193.1	NP_217735.1	Known	NOT_REFR_ORG	NOT_REFR_NUM	NULL	F	1311_tu
435_new	NP_218193.1	NP_217744.1	New	Ecoli	409	1	F	1312_tu
1312_tu	NP_218193.1	NP_217745.1	New	NOT_REFR_ORG	NOT_REFR_NUM	NULL	F	1312_tu
436_new	NP_218193.1	NP_217772.1	New	Ecoli,Ecoli,Salmon	687,688,2344	2	R	1313_tu
1313_tu	NP_218193.1	NP_217773.1	New	NOT_REFR_ORG	NOT_REFR_NUM	NULL	R	1313_tu
1313_tu	NP_218193.1	NP_217774.1	New	NOT_REFR_ORG	NOT_REFR_NUM	NULL	R	1313_tu
510	NP_218193.1	NP_217791.1	Known	NOT_REFR_ORG	NOT_REFR_NUM	NULL	R	1314_tu
2047	NP_218193.1	NP_217792.1	Known	NOT_REFR_ORG	NOT_REFR_NUM	NULL	R	1314_tu
2048	NP_218193.1	NP_217793.1	Known	NOT_REFR_ORG	NOT_REFR_NUM	NULL	R	1314_tu
511	NP_218193.1	NP_217812.1	Known	NOT_REFR_ORG	NOT_REFR_NUM	NULL	F	1315_tu
1315_tu	NP_218193.1	NP_217813.1	New	NOT_REFR_ORG	NOT_REFR_NUM	NULL	F	1315_tu
1315_tu	NP_218193.1	NP_217814.1	New	NOT_REFR_ORG	NOT_REFR_NUM	NULL	F	1315_tu
512	NP_218193.1	NP_217819.1	Known	Ecoli,Salmon	592,2444	2	R	1316_tu
1316_tu	NP_218193.1	NP_217820.1	New	NOT_REFR_ORG	NOT_REFR_NUM	NULL	R	1316_tu
513	NP_218193.1	NP_217831.1	Known	Ecoli,Ecoli	481,482	1	NOT_STRAND	NOT_TU_REFER
514	NP_218193.1	NP_217833.1	Known	NOT_REFR_ORG	NOT_REFR_NUM	NULL	F	1317_tu
1317_tu	NP_218193.1	NP_217834.1	New	NOT_REFR_ORG	NOT_REFR_NUM	NULL	F	1317_tu
515	NP_218193.1	NP_217835.1	Known	Ecoli,Salmon	838,2316	2	F	1318_tu
516	NP_218193.1	NP_217836.1	Known	Ecoli,Salmon	839,2317	2	F	1318_tu
2545	NP_218193.1	NP_217841.3	Known	NOT_REFR_ORG	NOT_REFR_NUM	NULL	NOT_STRAND	NOT_TU_REFER
441_new	NP_218193.1	NP_217848.1	New	Ecoli,Salmon	563,2404	2	F	1319_tu
517	NP_218193.1	NP_217849.1	Known	Ecoli,Ecoli,Salmon	726,727,2311	2	F	1319_tu
518	NP_218193.1	NP_217913.1	Known	Ecoli	611	1	R	1320_tu
1320_tu	NP_218193.1	NP_217914.1	New	NOT_REFR_ORG	NOT_REFR_NUM	NULL	R	1320_tu
519	NP_218193.1	NP_217928.1	Known	Ecoli	612	1	NOT_STRAND	NOT_TU_REFER
445_new	NP_218193.1	NP_217949.1	New	Ecoli,Ecoli	552,553	1	R	1321_tu
1321_tu	NP_218193.1	NP_217950.1	New	NOT_REFR_ORG	NOT_REFR_NUM	NULL	R	1321_tu
1321_tu	NP_218193.1	NP_217951.1	New	NOT_REFR_ORG	NOT_REFR_NUM	NULL	R	1321_tu
1321_tu	NP_218193.1	NP_217952.1	New	NOT_REFR_ORG	NOT_REFR_NUM	NULL	R	1321_tu
446_new	NP_218193.1	NP_217959.1	New	Ecoli,Salmon	830,2422	2	R	1322_tu
447_new	NP_218193.1	NP_217960.1	New	Ecoli,Salmon	824,2423	2	R	1322_tu
2544	NP_218193.1	NP_218021.1	Known	NOT_REFR_ORG	NOT_REFR_NUM	NULL	F	1323_tu
1606	NP_218193.1	NP_218022.1	Known	NOT_REFR_ORG	NOT_REFR_NUM	NULL	F	1323_tu
520	NP_218193.1	NP_218033.1	Known	NOT_REFR_ORG	NOT_REFR_NUM	NULL	F	1324_tu
521	NP_218193.1	NP_218042.1	Known	Ecoli	423	1	R	1325_tu
449_new	NP_218193.1	NP_218051.1	New	Ecoli	711	1	R	1326_tu
450_new	NP_218193.1	NP_218052.1	New	Ecoli	712	1	R	1326_tu
451_new	NP_218193.1	NP_218053.1	New	Ecoli	710	1	R	1326_tu
452_new	NP_218193.1	NP_218086.1	New	Ecoli	709	1	NOT_STRAND	NOT_TU_REFER
453_new	NP_218193.1	NP_218088.1	New	Ecoli	764	1	F	1327_tu
1327_tu	NP_218193.1	NP_218089.1	New	NOT_REFR_ORG	NOT_REFR_NUM	NULL	F	1327_tu
454_new	NP_218193.1	NP_218092.1	New	Salmon	2490	1	R	1328_tu
522	NP_218193.1	NP_218134.1	Known	NOT_REFR_ORG	NOT_REFR_NUM	NULL	F	1329_tu
2049	NP_218193.1	NP_218135.1	Known	NOT_REFR_ORG	NOT_REFR_NUM	NULL	F	1329_tu
455_new	NP_218193.1	NP_218141.1	New	Ecoli,Salmon	629,2275	2	R	1330_tu
1330_tu	NP_218193.1	NP_218142.1	New	NOT_REFR_ORG	NOT_REFR_NUM	NULL	R	1330_tu
1330_tu	NP_218193.1	NP_218143.1	New	NOT_REFR_ORG	NOT_REFR_NUM	NULL	R	1330_tu
1330_tu	NP_218193.1	NP_218144.1	New	NOT_REFR_ORG	NOT_REFR_NUM	NULL	R	1330_tu
524	NP_218193.1	NP_218152.1	Known	NOT_REFR_ORG	NOT_REFR_NUM	NULL	F	1331_tu
1595	NP_218193.1	NP_218162.1	Known	NOT_REFR_ORG	NOT_REFR_NUM	NULL	F	1332_tu
456_new	NP_218193.1	NP_218165.1	New	Ecoli,Salmon	462,2308	2	R	1333_tu
457_new	NP_218193.1	NP_218184.1	New	Ecoli,Salmon	387,2500	2	F	1334_tu
527	NP_218193.1	NP_218193.1	Known	Bacsu,Ecoli,Ecoli,Pseudo,Pseudo,Pseudo,Salmon	961,452,453,1102,1112,1113,2432	4	F	1335_tu
1611	NP_218193.1	NP_218207.1	Known	NOT_REFR_ORG	NOT_REFR_NUM	NULL	NOT_STRAND	NOT_TU_REFER
528	NP_218193.1	NP_218213.1	Known	Ecoli,Salmon	596,2488	2	R	1336_tu
1336_tu	NP_218193.1	NP_218214.1	New	NOT_REFR_ORG	NOT_REFR_NUM	NULL	R	1336_tu
529	NP_218193.1	NP_218246.1	Known	NOT_REFR_ORG	NOT_REFR_NUM	NULL	F	1337_tu
530	NP_218193.1	NP_218360.1	Known	NOT_REFR_ORG	NOT_REFR_NUM	NULL	NOT_STRAND	NOT_TU_REFER
531	NP_218193.1	NP_218361.1	Known	NOT_REFR_ORG	NOT_REFR_NUM	NULL	F	1338_tu
1338_tu	NP_218193.1	NP_218362.1	New	NOT_REFR_ORG	NOT_REFR_NUM	NULL	F	1338_tu
460_new	NP_218193.1	NP_218363.1	New	Ecoli,Ecoli,Salmon	852,853,2482	2	F	1339_tu
2050	NP_218193.1	NP_218373.1	Known	NOT_REFR_ORG	NOT_REFR_NUM	NULL	R	1340_tu
532	NP_218193.1	NP_218374.1	Known	NOT_REFR_ORG	NOT_REFR_NUM	NULL	R	1340_tu
461_new	NP_218193.1	NP_218375.1	New	Ecoli,Salmon	602,2420	2	R	1341_tu
462_new	NP_218193.1	NP_218376.1	New	Ecoli,Salmon	601,2419	2	R	1341_tu
533	NP_218193.1	NP_218396.1	Known	NOT_REFR_ORG	NOT_REFR_NUM	NULL	R	1342_tu
463_new	NP_218193.1	NP_218431.1	New	Ecoli	882	1	NOT_STRAND	NOT_TU_REFER
1336_tu	NP_218193.1	YP_007412423.1	New	NOT_REFR_ORG	NOT_REFR_NUM	NULL	R	1336_tu
464_new	NP_218193.1	YP_177688.1	New	Ecoli	832	1	NOT_STRAND	NOT_TU_REFER
1995	NP_218193.1	YP_177701.1	Known	NOT_REFR_ORG	NOT_REFR_NUM	NULL	F	1190_tu
410	NP_218193.1	YP_177704.1	Known	NOT_REFR_ORG	NOT_REFR_NUM	NULL	NOT_STRAND	NOT_TU_REFER
414	NP_218193.1	YP_177727.1	Known	NOT_REFR_ORG	NOT_REFR_NUM	NULL	F	1343_tu
465_new	NP_218193.1	YP_177728.1	New	Ecoli,Salmon	380,2496	2	F	1344_tu
466_new	NP_218193.1	YP_177734.1	New	Ecoli	550	1	F	1345_tu
428	NP_218193.1	YP_177752.1	Known	NOT_REFR_ORG	NOT_REFR_NUM	NULL	F	1346_tu
2018	NP_218193.1	YP_177800.1	Known	NOT_REFR_ORG	NOT_REFR_NUM	NULL	R	1347_tu
454	NP_218193.1	YP_177805.1	Known	NOT_REFR_ORG	NOT_REFR_NUM	NULL	F	1348_tu
455	NP_218193.1	YP_177806.1	Known	NOT_REFR_ORG	NOT_REFR_NUM	NULL	F	1348_tu
467_new	NP_218193.1	YP_177808.1	New	Ecoli	556	1	F	1349_tu
468	NP_218193.1	YP_177831.1	Known	NOT_REFR_ORG	NOT_REFR_NUM	NULL	R	1350_tu
1266_tu	NP_218193.1	YP_177849.1	New	NOT_REFR_ORG	NOT_REFR_NUM	NULL	F	1266_tu
488	NP_218193.1	YP_177876.1	Known	NOT_REFR_ORG	NOT_REFR_NUM	NULL	F	1351_tu
489	NP_218193.1	YP_177878.1	Known	NOT_REFR_ORG	NOT_REFR_NUM	NULL	F	1352_tu
492	NP_218193.1	YP_177880.2	Known	NOT_REFR_ORG	NOT_REFR_NUM	NULL	F	1353_tu
497	NP_218193.1	YP_177891.1	Known	NOT_REFR_ORG	NOT_REFR_NUM	NULL	F	1354_tu
1608	NP_218193.1	YP_177959.1	Known	NOT_REFR_ORG	NOT_REFR_NUM	NULL	NOT_STRAND	NOT_TU_REFER
1320_tu	NP_218193.1	YP_177970.1	New	NOT_REFR_ORG	NOT_REFR_NUM	NULL	R	1320_tu
525	NP_218193.1	YP_178000.1	Known	NOT_REFR_ORG	NOT_REFR_NUM	NULL	F	1355_tu
526	NP_218193.1	YP_178001.1	Known	NOT_REFR_ORG	NOT_REFR_NUM	NULL	F	1356_tu
1356_tu	NP_218193.1	YP_178002.1	New	NOT_REFR_ORG	NOT_REFR_NUM	NULL	F	1356_tu
534	NP_218193.1	YP_178025.1	Known	NOT_REFR_ORG	NOT_REFR_NUM	NULL	R	1357_tu
1302	NP_218195.1	NP_215065.1	Known	NOT_REFR_ORG	NOT_REFR_NUM	NULL	R	1358_tu
2353	NP_218195.1	NP_216544.1	Known	NOT_REFR_ORG	NOT_REFR_NUM	NULL	NOT_STRAND	NOT_TU_REFER
2354	NP_218195.1	NP_216545.1	Known	NOT_REFR_ORG	NOT_REFR_NUM	NULL	NOT_STRAND	NOT_TU_REFER
2355	NP_218195.1	NP_216546.1	Known	NOT_REFR_ORG	NOT_REFR_NUM	NULL	NOT_STRAND	NOT_TU_REFER
1334	NP_218195.1	NP_216547.1	Known	NOT_REFR_ORG	NOT_REFR_NUM	NULL	NOT_STRAND	NOT_TU_REFER
1303	NP_218195.1	NP_217106.1	Known	NOT_REFR_ORG	NOT_REFR_NUM	NULL	F	1359_tu
1304	NP_218195.1	NP_217934.1	Known	NOT_REFR_ORG	NOT_REFR_NUM	NULL	R	1360_tu
1305	NP_218195.1	NP_217935.1	Known	NOT_REFR_ORG	NOT_REFR_NUM	NULL	R	1361_tu
2356	NP_218198.2	NP_216544.1	Known	NOT_REFR_ORG	NOT_REFR_NUM	NULL	NOT_STRAND	NOT_TU_REFER
2357	NP_218198.2	NP_216545.1	Known	NOT_REFR_ORG	NOT_REFR_NUM	NULL	NOT_STRAND	NOT_TU_REFER
2358	NP_218198.2	NP_216546.1	Known	NOT_REFR_ORG	NOT_REFR_NUM	NULL	NOT_STRAND	NOT_TU_REFER
1335	NP_218198.2	NP_216547.1	Known	NOT_REFR_ORG	NOT_REFR_NUM	NULL	NOT_STRAND	NOT_TU_REFER
1306	NP_218198.2	NP_217766.1	Known	NOT_REFR_ORG	NOT_REFR_NUM	NULL	R	1362_tu
1307	NP_218198.2	NP_217767.1	Known	NOT_REFR_ORG	NOT_REFR_NUM	NULL	R	1362_tu
1308	NP_218198.2	NP_217768.1	Known	NOT_REFR_ORG	NOT_REFR_NUM	NULL	R	1362_tu
1309	NP_218198.2	NP_217769.1	Known	NOT_REFR_ORG	NOT_REFR_NUM	NULL	R	1362_tu
1310	NP_218209.1	NP_215610.1	Known	NOT_REFR_ORG	NOT_REFR_NUM	NULL	F	1363_tu
1311	NP_218209.1	NP_217446.2	Known	NOT_REFR_ORG	NOT_REFR_NUM	NULL	F	1364_tu
1312	NP_218209.1	NP_217447.1	Known	NOT_REFR_ORG	NOT_REFR_NUM	NULL	F	1364_tu
1313	NP_218209.1	NP_217448.1	Known	NOT_REFR_ORG	NOT_REFR_NUM	NULL	F	1364_tu
1314	NP_218209.1	NP_217449.1	Known	NOT_REFR_ORG	NOT_REFR_NUM	NULL	F	1364_tu
1315	NP_218209.1	NP_217450.1	Known	NOT_REFR_ORG	NOT_REFR_NUM	NULL	F	1364_tu
1316	NP_218209.1	NP_217451.1	Known	NOT_REFR_ORG	NOT_REFR_NUM	NULL	F	1364_tu
1317	NP_218209.1	NP_217452.1	Known	NOT_REFR_ORG	NOT_REFR_NUM	NULL	F	1364_tu
1318	NP_218209.1	NP_217453.1	Known	NOT_REFR_ORG	NOT_REFR_NUM	NULL	F	1364_tu
1319	NP_218209.1	NP_217454.1	Known	NOT_REFR_ORG	NOT_REFR_NUM	NULL	F	1364_tu
1320	NP_218209.1	NP_217455.1	Known	NOT_REFR_ORG	NOT_REFR_NUM	NULL	F	1364_tu
1321	NP_218209.1	NP_217648.1	Known	NOT_REFR_ORG	NOT_REFR_NUM	NULL	R	1365_tu
1322	NP_218209.1	NP_217649.1	Known	NOT_REFR_ORG	NOT_REFR_NUM	NULL	R	1365_tu
1323	NP_218209.1	NP_217650.1	Known	NOT_REFR_ORG	NOT_REFR_NUM	NULL	R	1365_tu
1324	NP_218261.1	NP_214758.1	Known	NOT_REFR_ORG	NOT_REFR_NUM	NULL	R	1366_tu
468_new	NP_218261.1	NP_218095.1	New	Bacsu	2511	1	NOT_STRAND	NOT_TU_REFER
535	NP_218261.1	NP_218261.1	Known	Staph	1	1	F	1367_tu
1326	NP_218350.1	NP_217648.1	Known	NOT_REFR_ORG	NOT_REFR_NUM	NULL	R	1368_tu
1327	NP_218350.1	NP_217649.1	Known	NOT_REFR_ORG	NOT_REFR_NUM	NULL	R	1368_tu
1328	NP_218350.1	NP_217650.1	Known	NOT_REFR_ORG	NOT_REFR_NUM	NULL	R	1368_tu
470_new	NP_218350.1	NP_218350.1	New	Ecoli	2993	1	F	1369_tu
1325	NP_218350.1	YP_177729.1	Known	NOT_REFR_ORG	NOT_REFR_NUM	NULL	F	1370_tu
1624	NP_218366.1	NP_215403.1	Known	NOT_REFR_ORG	NOT_REFR_NUM	NULL	F	1371_tu
1625	NP_218366.1	NP_215518.1	Known	NOT_REFR_ORG	NOT_REFR_NUM	NULL	R	1372_tu
1626	NP_218366.1	NP_216333.1	Known	NOT_REFR_ORG	NOT_REFR_NUM	NULL	F	1373_tu
1617	NP_218366.1	NP_216370.1	Known	NOT_REFR_ORG	NOT_REFR_NUM	NULL	R	1374_tu
1618	NP_218366.1	NP_216498.1	Known	NOT_REFR_ORG	NOT_REFR_NUM	NULL	R	1375_tu
1627	NP_218366.1	NP_216524.1	Known	NOT_REFR_ORG	NOT_REFR_NUM	NULL	R	1376_tu
1619	NP_218366.1	NP_218129.1	Known	NOT_REFR_ORG	NOT_REFR_NUM	NULL	R	1377_tu
1620	NP_218366.1	NP_218130.1	Known	NOT_REFR_ORG	NOT_REFR_NUM	NULL	R	1377_tu
1621	NP_218366.1	NP_218131.1	Known	NOT_REFR_ORG	NOT_REFR_NUM	NULL	R	1378_tu
1622	NP_218366.1	NP_218132.1	Known	NOT_REFR_ORG	NOT_REFR_NUM	NULL	R	1379_tu
1623	NP_218366.1	NP_218133.1	Known	NOT_REFR_ORG	NOT_REFR_NUM	NULL	R	1380_tu
1375_tu	NP_218366.1	YP_004837054.1	New	NOT_REFR_ORG	NOT_REFR_NUM	NULL	R	1375_tu
1616	NP_218366.1	YP_177853.1	Known	NOT_REFR_ORG	NOT_REFR_NUM	NULL	R	1381_tu
536	NP_218372.1	NP_218371.1	Known	NOT_REFR_ORG	NOT_REFR_NUM	NULL	R	1382_tu
2052	YP_177808.1	NP_214985.1	Known	NOT_REFR_ORG	NOT_REFR_NUM	NULL	R	1398_tu
1398_tu	YP_177808.1	NP_214986.1	New	NOT_REFR_ORG	NOT_REFR_NUM	NULL	R	1398_tu
538	YP_177808.1	NP_215181.1	Known	NOT_REFR_ORG	NOT_REFR_NUM	NULL	F	1383_tu
2053	YP_177808.1	NP_215182.1	Known	NOT_REFR_ORG	NOT_REFR_NUM	NULL	F	1383_tu
539	YP_177808.1	NP_215767.1	Known	NOT_REFR_ORG	NOT_REFR_NUM	NULL	R	1384_tu
2054	YP_177808.1	NP_215768.1	Known	NOT_REFR_ORG	NOT_REFR_NUM	NULL	R	1384_tu
540	YP_177808.1	NP_215769.1	Known	NOT_REFR_ORG	NOT_REFR_NUM	NULL	F	1385_tu
1385_tu	YP_177808.1	NP_215770.1	New	NOT_REFR_ORG	NOT_REFR_NUM	NULL	F	1385_tu
2055	YP_177808.1	NP_215777.1	Known	NOT_REFR_ORG	NOT_REFR_NUM	NULL	R	1386_tu
541	YP_177808.1	NP_215778.1	Known	NOT_REFR_ORG	NOT_REFR_NUM	NULL	R	1386_tu
542	YP_177808.1	NP_215779.1	Known	NOT_REFR_ORG	NOT_REFR_NUM	NULL	F	1387_tu
471_new	YP_177808.1	NP_215854.1	New	Ecoli	2120	1	NOT_STRAND	NOT_TU_REFER
2056	YP_177808.1	NP_215909.1	Known	NOT_REFR_ORG	NOT_REFR_NUM	NULL	R	1388_tu
544	YP_177808.1	NP_216027.1	Known	NOT_REFR_ORG	NOT_REFR_NUM	NULL	F	1389_tu
1389_tu	YP_177808.1	NP_216028.1	New	NOT_REFR_ORG	NOT_REFR_NUM	NULL	F	1389_tu
1389_tu	YP_177808.1	NP_216029.1	New	NOT_REFR_ORG	NOT_REFR_NUM	NULL	F	1389_tu
545	YP_177808.1	NP_216694.1	Known	NOT_REFR_ORG	NOT_REFR_NUM	NULL	R	1390_tu
2057	YP_177808.1	NP_216713.1	Known	NOT_REFR_ORG	NOT_REFR_NUM	NULL	R	1391_tu
546	YP_177808.1	NP_216714.1	Known	NOT_REFR_ORG	NOT_REFR_NUM	NULL	R	1391_tu
2058	YP_177808.1	NP_216836.1	Known	Ecoli	2125	1	NOT_STRAND	NOT_TU_REFER
2059	YP_177808.1	NP_216839.1	Known	NOT_REFR_ORG	NOT_REFR_NUM	NULL	R	1392_tu
473_new	YP_177808.1	NP_217226.1	New	Ecoli	2121	1	F	1393_tu
2060	YP_177808.1	NP_217243.1	Known	NOT_REFR_ORG	NOT_REFR_NUM	NULL	NOT_STRAND	NOT_TU_REFER
547	YP_177808.1	NP_217244.1	Known	NOT_REFR_ORG	NOT_REFR_NUM	NULL	NOT_STRAND	NOT_TU_REFER
548	YP_177808.1	NP_217297.1	Known	NOT_REFR_ORG	NOT_REFR_NUM	NULL	R	1394_tu
1394_tu	YP_177808.1	NP_217298.1	New	NOT_REFR_ORG	NOT_REFR_NUM	NULL	R	1394_tu
1394_tu	YP_177808.1	NP_217299.1	New	NOT_REFR_ORG	NOT_REFR_NUM	NULL	R	1394_tu
549	YP_177808.1	NP_217424.1	Known	NOT_REFR_ORG	NOT_REFR_NUM	NULL	NOT_STRAND	NOT_TU_REFER
2061	YP_177808.1	NP_217425.1	Known	NOT_REFR_ORG	NOT_REFR_NUM	NULL	NOT_STRAND	NOT_TU_REFER
474_new	YP_177808.1	NP_217436.1	New	Ecoli	2095	1	NOT_STRAND	NOT_TU_REFER
2062	YP_177808.1	NP_217924.1	Known	NOT_REFR_ORG	NOT_REFR_NUM	NULL	NOT_STRAND	NOT_TU_REFER
550	YP_177808.1	NP_217925.1	Known	NOT_REFR_ORG	NOT_REFR_NUM	NULL	NOT_STRAND	NOT_TU_REFER
475_new	YP_177808.1	NP_217949.1	New	Ecoli,Ecoli	2102,2103	1	R	1395_tu
1395_tu	YP_177808.1	NP_217950.1	New	NOT_REFR_ORG	NOT_REFR_NUM	NULL	R	1395_tu
1395_tu	YP_177808.1	NP_217951.1	New	NOT_REFR_ORG	NOT_REFR_NUM	NULL	R	1395_tu
1395_tu	YP_177808.1	NP_217952.1	New	NOT_REFR_ORG	NOT_REFR_NUM	NULL	R	1395_tu
551	YP_177808.1	NP_217999.1	Known	NOT_REFR_ORG	NOT_REFR_NUM	NULL	R	1396_tu
1396_tu	YP_177808.1	NP_218000.1	New	NOT_REFR_ORG	NOT_REFR_NUM	NULL	R	1396_tu
552	YP_177808.1	NP_218333.1	Known	NOT_REFR_ORG	NOT_REFR_NUM	NULL	NOT_STRAND	NOT_TU_REFER
553	YP_177808.1	NP_218334.1	Known	NOT_REFR_ORG	NOT_REFR_NUM	NULL	F	1397_tu
1397_tu	YP_177808.1	NP_218335.1	New	NOT_REFR_ORG	NOT_REFR_NUM	NULL	F	1397_tu
1397_tu	YP_177808.1	NP_218336.1	New	NOT_REFR_ORG	NOT_REFR_NUM	NULL	F	1397_tu
2051	YP_177808.1	YP_177622.1	Known	NOT_REFR_ORG	NOT_REFR_NUM	NULL	R	1398_tu
537	YP_177808.1	YP_177730.1	Known	NOT_REFR_ORG	NOT_REFR_NUM	NULL	R	1399_tu
543	YP_177808.1	YP_177807.1	Known	NOT_REFR_ORG	NOT_REFR_NUM	NULL	R	1388_tu
554	YP_177808.1	YP_177808.1	Known	Ecoli	2108	1	F	1400_tu
477_new	YP_177917.1	NP_218227.3	New	Salmon	1017	1	F	1401_tu
